data/A1_max_inun_rr1.25.asc
ncols        423
nrows        321
xllcorner    206546.352000000014
yllcorner    287233.353999999992
cellsize     3.999000000000
NODATA_value -9999
[rows 289 to 305 of 321, columns 39 to 77 of 423]
2.0050001144409179688 2.0380001068115234375 2.0710000991821289062 0 0.0040000001899898052216 0.0030000000260770320892 0.0010000000474974513054 2.1359999179840087891 2.1359999179840087891 2.1719999313354492188 0 2.3010001182556152344 2.3650000095367431641 0.0010000000474974513054 0.0010000000474974513054 0.0020000000949949026108 0.0020000000949949026108 0.0020000000949949026108 0.0020000000949949026108 2.5699999332427978516 2.5810000896453857422 2.5920000076293945312 0.0010000000474974513054 0.0049999998882412910461 0.014000000432133674622 0.0060000000521540641785 0.0030000000260770320892 0.0020000000949949026108 0.0020000000949949026108 0.0010000000474974513054 0.0010000000474974513054 0.0010000000474974513054 0 2.4440000057220458984 2.38899993896484375 2.3329999446868896484 0.0030000000260770320892 0.0020000000949949026108 0.0010000000474974513054
1.9859999418258666992 2.0190000534057617188 2.0520000457763671875 2.0859999656677246094 0 0.0010000000474974513054 0.0010000000474974513054 2.1359999179840087891 2.1359999179840087891 2.1400001049041748047 2.2049999237060546875 2.2690000534057617188 2.3329999446868896484 0.0010000000474974513054 0.0010000000474974513054 0.0020000000949949026108 0.0020000000949949026108 0.0020000000949949026108 0.0010000000474974513054 2.5290000438690185547 2.5399999618530273438 0.0010000000474974513054 0.0010000000474974513054 0.0030000000260770320892 0.012000000104308128357 0.00899999961256980896 0.0040000001899898052216 0.0020000000949949026108 0.0020000000949949026108 0.0010000000474974513054 0.0010000000474974513054 0.0010000000474974513054 0 2.4170000553131103516 2.3619999885559082031 0.0030000000260770320892 0.0030000000260770320892 0.0030000000260770320892 0.0020000000949949026108
1.9680000543594360352 2.0009999275207519531 0.0010000000474974513054 2.0680000782012939453 2.1010000705718994141 2.1349999904632568359 2.1359999179840087891 2.1359999179840087891 2.1359999179840087891 2.1359999179840087891 2.1730000972747802734 2.2379999160766601562 2.3020000457763671875 0.0010000000474974513054 0.0020000000949949026108 0.0020000000949949026108 0.0020000000949949026108 0.0020000000949949026108 2.4649999141693115234 2.4879999160766601562 2.4990000724792480469 0.0010000000474974513054 0.0020000000949949026108 0.0020000000949949026108 0.0049999998882412910461 0.012000000104308128357 0.0049999998882412910461 0.0020000000949949026108 0.0010000000474974513054 0.0010000000474974513054 0.0010000000474974513054 0 2.4470000267028808594 2.3910000324249267578 2.3350000381469726562 0.0030000000260770320892 0.0030000000260770320892 0.0030000000260770320892 0.0020000000949949026108
1.9490000009536743164 1.9819999933242797852 0.0010000000474974513054 0.0020000000949949026108 0.0020000000949949026108 2.1159999370574951172 2.1359999179840087891 2.1359999179840087891 2.1359999179840087891 2.1359999179840087891 2.1410000324249267578 2.2060000896453857422 0.0010000000474974513054 0.0020000000949949026108 0.0020000000949949026108 0.0020000000949949026108 0.0020000000949949026108 0.0010000000474974513054 2.4219999313354492188 2.4470000267028808594 0.0010000000474974513054 0.0010000000474974513054 0.0020000000949949026108 0.0020000000949949026108 0.0030000000260770320892 0.010999999940395355225 0.0070000002160668373108 0.0030000000260770320892 0.0010000000474974513054 0.0010000000474974513054 0.0010000000474974513054 0 2.4210000038146972656 2.3650000095367431641 0.0030000000260770320892 0.0030000000260770320892 0.0030000000260770320892 0.0020000000949949026108 0.0020000000949949026108
1.9379999637603759766 0.0010000000474974513054 0.0010000000474974513054 0.0020000000949949026108 0.0030000000260770320892 2.1059999465942382812 2.1359999179840087891 2.1359999179840087891 2.1359999179840087891 2.1359999179840087891 2.1359999179840087891 0.0010000000474974513054 0.0010000000474974513054 0.0020000000949949026108 0.0020000000949949026108 0.0020000000949949026108 0.0020000000949949026108 2.354000091552734375 2.3789999485015869141 2.4040000438690185547 0.0010000000474974513054 0.0020000000949949026108 0.0020000000949949026108 0.0030000000260770320892 0.0030000000260770320892 0.0049999998882412910461 0.0099999997764825820923 0.0030000000260770320892 0.0010000000474974513054 0.0010000000474974513054 0 2.4019999504089355469 2.3949999809265136719 2.3389999866485595703 0.0030000000260770320892 0.0030000000260770320892 0.0030000000260770320892 0.0020000000949949026108 0.0020000000949949026108
1.9349999427795410156 0.0010000000474974513054 0.0020000000949949026108 0.0020000000949949026108 0.0030000000260770320892 2.0959999561309814453 2.1270000934600830078 2.1359999179840087891 2.1359999179840087891 2.1359999179840087891 0.0010000000474974513054 0.0010000000474974513054 0.0020000000949949026108 0.0020000000949949026108 0.0020000000949949026108 0.0020000000949949026108 0.0010000000474974513054 2.3120000362396240234 2.3359999656677246094 0.0010000000474974513054 0.0010000000474974513054 0.0020000000949949026108 0.0020000000949949026108 0.0030000000260770320892 0.0030000000260770320892 0.0030000000260770320892 0.00899999961256980896 0.0040000001899898052216 0.0010000000474974513054 0.0010000000474974513054 0 2.375 2.368000030517578125 0.0030000000260770320892 0.0030000000260770320892 0.0030000000260770320892 0.0020000000949949026108 0.0020000000949949026108 0.0020000000949949026108
0.0010000000474974513054 0.0020000000949949026108 0.0020000000949949026108 0.0020000000949949026108 0.0030000000260770320892 0.0030000000260770320892 2.118000030517578125 2.1359999179840087891 2.1359999179840087891 0.0010000000474974513054 0.0040000001899898052216 0.0010000000474974513054 0.0020000000949949026108 0.0020000000949949026108 0.0020000000949949026108 0.0010000000474974513054 2.2439999580383300781 2.2690000534057617188 2.2939999103546142578 0.0010000000474974513054 0.0020000000949949026108 0.0020000000949949026108 0.0020000000949949026108 0.0030000000260770320892 0.0030000000260770320892 0.0030000000260770320892 0.0049999998882412910461 0.0070000002160668373108 0.0010000000474974513054 0 2.3469998836517333984 2.3480000495910644531 2.3410000801086425781 0.0030000000260770320892 0.0030000000260770320892 0.0020000000949949026108 0.0020000000949949026108 0.0020000000949949026108 0.0020000000949949026108
0.0010000000474974513054 0.0020000000949949026108 0.0020000000949949026108 0.0030000000260770320892 0.0030000000260770320892 0.0030000000260770320892 0.0010000000474974513054 2.1359999179840087891 2.1370000839233398438 0.0020000000949949026108 0.0049999998882412910461 0.0049999998882412910461 0.0020000000949949026108 0.0010000000474974513054 0.0010000000474974513054 0.0010000000474974513054 2.2019999027252197266 2.2260000705718994141 0.0010000000474974513054 0.0010000000474974513054 0.0020000000949949026108 0.0020000000949949026108 0.0020000000949949026108 0.0030000000260770320892 0.0030000000260770320892 0.0030000000260770320892 0.0030000000260770320892 0.0060000000521540641785 0.0010000000474974513054 0 2.3190000057220458984 2.3210000991821289062 0.0030000000260770320892 0.0030000000260770320892 0.0030000000260770320892 0.0020000000949949026108 0.0020000000949949026108 0.0020000000949949026108 0.0020000000949949026108
0.0010000000474974513054 0.0020000000949949026108 0.0020000000949949026108 0.0030000000260770320892 0.0030000000260770320892 0.0020000000949949026108 2.0989999771118164062 2.1300001144409179688 0.0010000000474974513054 0.0049999998882412910461 0.0060000000521540641785 0.0060000000521540641785 0.0049999998882412910461 0.0049999998882412910461 0.0010000000474974513054 2.1349999904632568359 2.1589999198913574219 2.1840000152587890625 0.0010000000474974513054 0.0010000000474974513054 0.0020000000949949026108 0.0020000000949949026108 0.0020000000949949026108 0.0030000000260770320892 0.0030000000260770320892 0.0030000000260770320892 0.0030000000260770320892 0.0040000001899898052216 0.0010000000474974513054 2.3080000877380371094 2.2920000553131103516 2.2950000762939453125 0.0030000000260770320892 0.0030000000260770320892 0.0020000000949949026108 0.0020000000949949026108 0.0020000000949949026108 0.0020000000949949026108 0.0020000000949949026108
0.0020000000949949026108 0.0020000000949949026108 0.0020000000949949026108 0.0020000000949949026108 0.0020000000949949026108 0.0010000000474974513054 2.0889999866485595703 2.1199998855590820312 0.0030000000260770320892 0.0060000000521540641785 0.0060000000521540641785 0.0060000000521540641785 0.0049999998882412910461 0.0049999998882412910461 0.0010000000474974513054 2.1349999904632568359 2.1349999904632568359 0.0010000000474974513054 0.0010000000474974513054 0.0020000000949949026108 0.0020000000949949026108 0.0020000000949949026108 0.0020000000949949026108 0.0020000000949949026108 0.0020000000949949026108 0.0020000000949949026108 0.0020000000949949026108 0.0020000000949949026108 0.0010000000474974513054 2.2809998989105224609 2.26399993896484375 0.0040000001899898052216 0.0030000000260770320892 0.0020000000949949026108 0.0020000000949949026108 0.0020000000949949026108 0.0020000000949949026108 0.0020000000949949026108 0.0010000000474974513054
0.0020000000949949026108 0.0020000000949949026108 0.0020000000949949026108 0.0020000000949949026108 0.0020000000949949026108 2.0490000247955322266 2.0799999237060546875 0.0010000000474974513054 0.0070000002160668373108 0.0070000002160668373108 0.0070000002160668373108 0.0060000000521540641785 0.0060000000521540641785 0.0020000000949949026108 2.1349999904632568359 2.1349999904632568359 0.0010000000474974513054 0.0020000000949949026108 0.0010000000474974513054 0.0020000000949949026108 0.0020000000949949026108 0.0020000000949949026108 0.0020000000949949026108 0.0020000000949949026108 0.0020000000949949026108 0.0020000000949949026108 0.0020000000949949026108 0.0020000000949949026108 2.2560000419616699219 2.2539999485015869141 2.2369999885559082031 0.0049999998882412910461 0.0040000001899898052216 0.0020000000949949026108 0.0020000000949949026108 0.0020000000949949026108 0.0020000000949949026108 0.0010000000474974513054 0.0010000000474974513054
0.0020000000949949026108 0.0020000000949949026108 0.0020000000949949026108 0.0020000000949949026108 0.0010000000474974513054 2.0399999618530273438 2.0710000991821289062 0.0010000000474974513054 0.0040000001899898052216 0.0080000003799796104431 0.0070000002160668373108 0.0070000002160668373108 0.0049999998882412910461 0.0010000000474974513054 2.1349999904632568359 2.1349999904632568359 0.0020000000949949026108 0.0049999998882412910461 0.0049999998882412910461 0.0020000000949949026108 0.0010000000474974513054 0.0020000000949949026108 0.0020000000949949026108 0.0020000000949949026108 0.0020000000949949026108 0.0020000000949949026108 0.0020000000949949026108 0.0010000000474974513054 2.2149999141693115234 2.2249999046325683594 0.0010000000474974513054 0.0060000000521540641785 0.0049999998882412910461 0.0020000000949949026108 0.0020000000949949026108 0.0020000000949949026108 0.0020000000949949026108 0.0010000000474974513054 0.0010000000474974513054
0.0020000000949949026108 0.0020000000949949026108 0.0020000000949949026108 0.0020000000949949026108 1.9989999532699584961 2.0299999713897705078 0.0010000000474974513054 0.0010000000474974513054 0.0010000000474974513054 0.0080000003799796104431 0.0070000002160668373108 0.0070000002160668373108 0.0030000000260770320892 2.1340000629425048828 2.1340000629425048828 0.0010000000474974513054 0.0049999998882412910461 0.0060000000521540641785 0.0060000000521540641785 0.0060000000521540641785 0.0060000000521540641785 0.0020000000949949026108 0.0020000000949949026108 0.0020000000949949026108 0.0010000000474974513054 0.0010000000474974513054 0.0010000000474974513054 2.1640000343322753906 2.1749999523162841797 0.0010000000474974513054 0.0010000000474974513054 0.0060000000521540641785 0.0040000001899898052216 0.0020000000949949026108 0.0020000000949949026108 0.0020000000949949026108 0.0010000000474974513054 0.0010000000474974513054 0.0010000000474974513054
0.0010000000474974513054 0.0010000000474974513054 0.0010000000474974513054 0.0010000000474974513054 1.9900000095367431641 2.020999908447265625 0.0010000000474974513054 0.0010000000474974513054 0.0010000000474974513054 0.0080000003799796104431 0.0080000003799796104431 0.0060000000521540641785 0.0010000000474974513054 2.1340000629425048828 2.1340000629425048828 0.0020000000949949026108 0.0060000000521540641785 0.0060000000521540641785 0.0070000002160668373108 0.0070000002160668373108 0.0060000000521540641785 0.0060000000521540641785 0.0060000000521540641785 0.0049999998882412910461 0.0049999998882412910461 0.0010000000474974513054 0 2.1359999179840087891 2.1359999179840087891 0.0010000000474974513054 0.0020000000949949026108 0.0049999998882412910461 0.0030000000260770320892 0.0020000000949949026108 0.0020000000949949026108 0.0010000000474974513054 0.0010000000474974513054 0.0010000000474974513054 0.0010000000474974513054
0.0010000000474974513054 0.0010000000474974513054 0.0010000000474974513054 1.9500000476837158203 1.9800000190734863281 0 0.0010000000474974513054 0.0010000000474974513054 0.0010000000474974513054 0.0070000002160668373108 0.0080000003799796104431 0.0030000000260770320892 2.1349999904632568359 2.1349999904632568359 0.0010000000474974513054 0.0060000000521540641785 0.0060000000521540641785 0.0070000002160668373108 0.0070000002160668373108 0.0070000002160668373108 0.0070000002160668373108 0.0070000002160668373108 0.0060000000521540641785 0.0060000000521540641785 0.0049999998882412910461 0.0010000000474974513054 2.1349999904632568359 2.1349999904632568359 0.0010000000474974513054 0.0020000000949949026108 0.0030000000260770320892 0.0030000000260770320892 0.0010000000474974513054 0.0010000000474974513054 0.0010000000474974513054 0.0010000000474974513054 0.0010000000474974513054 0.0010000000474974513054 0
0.0010000000474974513054 0.0010000000474974513054 0.0010000000474974513054 1.9400000572204589844 1.9709999561309814453 0 0 0.0010000000474974513054 0.0010000000474974513054 0.0010000000474974513054 0.0080000003799796104431 0.0020000000949949026108 2.1349999904632568359 2.1349999904632568359 0.0020000000949949026108 0.0060000000521540641785 0.0070000002160668373108 0.0070000002160668373108 0.0070000002160668373108 0.0070000002160668373108 0.0070000002160668373108 0.0070000002160668373108 0.0070000002160668373108 0.0060000000521540641785 0.0020000000949949026108 2.1349999904632568359 2.1349999904632568359 2.1349999904632568359 0.0030000000260770320892 0.0070000002160668373108 0.0080000003799796104431 0.0080000003799796104431 0.0010000000474974513054 0.0010000000474974513054 0.0010000000474974513054 0.0010000000474974513054 0.0010000000474974513054 0 1.7680000066757202148
1.8220000267028808594 1.8480000495910644531 1.875 1.9010000228881835938 1.9270000457763671875 1.9539999961853027344 1.9800000190734863281 0 0.0010000000474974513054 0.0010000000474974513054 0.0010000000474974513054 2.1349999904632568359 2.1349999904632568359 0.0010000000474974513054 0.0049999998882412910461 0.0060000000521540641785 0.0070000002160668373108 0.0070000002160668373108 0.0070000002160668373108 0.0070000002160668373108 0.0070000002160668373108 0.0070000002160668373108 0.0070000002160668373108 0.0060000000521540641785 0.0020000000949949026108 2.1359999179840087891 2.1359999179840087891 0.0020000000949949026108 0.0070000002160668373108 0.0080000003799796104431 0.00899999961256980896 0.0099999997764825820923 0.0020000000949949026108 0.0010000000474974513054 0.0010000000474974513054 0.0010000000474974513054 0 1.7869999408721923828 1.7350000143051147461
