data/A1_max_inun_rr1.00.asc
ncols        423
nrows        321
xllcorner    206546.352000000014
yllcorner    287233.353999999992
cellsize     3.999000000000
NODATA_value -9999
[rows 119 to 135 of 321, columns 78 to 116 of 423]
0.0010000000474974513054 0.0010000000474974513054 0.0010000000474974513054 0.0010000000474974513054 0.0080000003799796104431 0.0099999997764825820923 0.029999999329447746277 0.048000000417232513428 0.048999998718500137329 0.045000001788139343262 0.041999999433755874634 0.030999999493360519409 0.061000000685453414917 0.067000001668930053711 0.08900000154972076416 0.061000000685453414917 0.079000003635883331299 0.12899999320507049561 0 0 0 0.094999998807907104492 0 0.0010000000474974513054 0.0010000000474974513054 0.0010000000474974513054 0.0010000000474974513054 0.0010000000474974513054 0.0010000000474974513054 0.01799999922513961792 0.026000000536441802979 0.041999999433755874634 0.043000001460313796997 0.041999999433755874634 0.039000000804662704468 0.037000000476837158203 0.086000002920627593994 0.0010000000474974513054 0.0010000000474974513054
0.0010000000474974513054 0.0010000000474974513054 0.0010000000474974513054 0.0010000000474974513054 0.012000000104308128357 0.023000000044703483582 0.046000000089406967163 0.067000001668930053711 0.052000001072883605957 0.043000001460313796997 0.035000000149011611938 0.028000000864267349243 0.065999999642372131348 0.0010000000474974513054 0.056000001728534698486 0.054999999701976776123 0.067000001668930053711 0.087999999523162841797 0.064999997615814208984 0.061000000685453414917 0.068999998271465301514 0.11100000143051147461 0 0.0010000000474974513054 0.0010000000474974513054 0.0010000000474974513054 0.0010000000474974513054 0.0010000000474974513054 0.019999999552965164185 0.035000000149011611938 0.03599999845027923584 0.061000000685453414917 0.046999998390674591064 0.039000000804662704468 0.035000000149011611938 0.029999999329447746277 0.079999998211860656738 0.0010000000474974513054 0.0010000000474974513054
0 0 0 0 0.029999999329447746277 0.03599999845027923584 0.07199999690055847168 0.090000003576278686523 0.0010000000474974513054 0.0010000000474974513054 0.012000000104308128357 0.028999999165534973145 0.0010000000474974513054 0.0010000000474974513054 0.0010000000474974513054 0.046000000089406967163 0 0.048000000417232513428 0.057999998331069946289 0.057000000029802322388 0.057000000029802322388 0.10300000011920928955 0 0 0 0.0010000000474974513054 0.0010000000474974513054 0.0010000000474974513054 0.027000000700354576111 0.050000000745058059692 0.048999998718500137329 0.083999998867511749268 0 0 0.0010000000474974513054 0.020999999716877937317 0.0010000000474974513054 0.0010000000474974513054 0.0010000000474974513054
0.057999998331069946289 0.056000001728534698486 0.061999998986721038818 0.067000001668930053711 0.063000001013278961182 0.059000000357627868652 0.10599999874830245972 0 0.0010000000474974513054 0.0010000000474974513054 0.0010000000474974513054 0.019999999552965164185 0.0010000000474974513054 0.0010000000474974513054 0.0010000000474974513054 0.037000000476837158203 0.0010000000474974513054 0.0010000000474974513054 0.0010000000474974513054 0.0010000000474974513054 0.020999999716877937317 0.072999998927116394043 0.050999999046325683594 0.063000001013278961182 0.086000002920627593994 0 0 0.027000000700354576111 0.046999998390674591064 0.070000000298023223877 0.059999998658895492554 0.065999999642372131348 0.076999999582767486572 0.125 0 0.0010000000474974513054 0.0010000000474974513054 0.0010000000474974513054 0.0010000000474974513054
0.065999999642372131348 0.054999999701976776123 0.059999998658895492554 0.059000000357627868652 0.061999998986721038818 0.057999998331069946289 0.10199999809265136719 0 0 0 0.0010000000474974513054 0.0010000000474974513054 0.0010000000474974513054 0.0020000000949949026108 0.23899999260902404785 0 0.0010000000474974513054 0.0010000000474974513054 0.0010000000474974513054 0.0010000000474974513054 0.0010000000474974513054 0.0010000000474974513054 0.021999999880790710449 0.039000000804662704468 0.054000001400709152222 0.048000000417232513428 0.046000000089406967163 0.041999999433755874634 0.07100000232458114624 0.097999997437000274658 0.061000000685453414917 0.061000000685453414917 0.050999999046325683594 0.090000003576278686523 0.12099999934434890747 0 0 0.0010000000474974513054 0.0010000000474974513054
0.067000001668930053711 0.057000000029802322388 0.057999998331069946289 0.054000001400709152222 0.063000001013278961182 0.048000000417232513428 0.082999996840953826904 0.12700000405311584473 0.18099999427795410156 0.23499999940395355225 0 0.0010000000474974513054 0.0010000000474974513054 0.0010000000474974513054 0.22900000214576721191 0.28200000524520874023 0 0 0.0010000000474974513054 0.0010000000474974513054 0.0010000000474974513054 0.0010000000474974513054 0.0010000000474974513054 0.01799999922513961792 0.032000001519918441772 0.035000000149011611938 0.037000000476837158203 0.050999999046325683594 0.087999999523162841797 0.13400000333786010742 0.0010000000474974513054 0.0010000000474974513054 0.016000000759959220886 0.064999997615814208984 0.083999998867511749268 0.070000000298023223877 0.11999999731779098511 0 0.03599999845027923584
0.057999998331069946289 0.052999999374151229858 0.059000000357627868652 0.046999998390674591064 0.057000000029802322388 0.043000001460313796997 0.068000003695487976074 0.11699999868869781494 0.17100000381469726562 0.22499999403953552246 0.0010000000474974513054 0.0010000000474974513054 0.0010000000474974513054 0.0010000000474974513054 0.0010000000474974513054 0.0010000000474974513054 0.079999998211860656738 0.13300000131130218506 0 0 0.0010000000474974513054 0.0010000000474974513054 0.0010000000474974513054 0.0060000000521540641785 0.014999999664723873138 0.019999999552965164185 0.028000000864267349243 0.061000000685453414917 0.097000002861022949219 0.13099999725818634033 0.0010000000474974513054 0.0010000000474974513054 0.0020000000949949026108 0.0020000000949949026108 0.046000000089406967163 0.054999999701976776123 0.082999996840953826904 0.064999997615814208984 0.059999998658895492554
0.046999998390674591064 0.046999998390674591064 0.048000000417232513428 0.046000000089406967163 0.046999998390674591064 0.043999999761581420898 0.052000001072883605957 0.10100000351667404175 0.15199999511241912842 0 0.0010000000474974513054 0.0010000000474974513054 0.0010000000474974513054 0.0010000000474974513054 0.0010000000474974513054 0.0010000000474974513054 0.0010000000474974513054 0.1230000033974647522 0.17599999904632568359 0.22900000214576721191 0 0 0 0.0010000000474974513054 0.0010000000474974513054 0.00899999961256980896 0.032999999821186065674 0.072999998927116394043 0.1180000007152557373 0.0010000000474974513054 0.0010000000474974513054 0.0010000000474974513054 0.0020000000949949026108 0.0020000000949949026108 0.0020000000949949026108 0.018999999389052391052 0.061999998986721038818 0.050999999046325683594 0.056000001728534698486
0.037999998778104782104 0.039000000804662704468 0.039999999105930328369 0.039999999105930328369 0.039999999105930328369 0.039000000804662704468 0.037000000476837158203 0.081000000238418579102 0.125 0.16599999368190765381 0 0 0 0 0.0010000000474974513054 0.0010000000474974513054 0.0010000000474974513054 0.11400000005960464478 0.0010000000474974513054 0.0010000000474974513054 0.0030000000260770320892 0.0040000001899898052216 0.030999999493360519409 0 0.0010000000474974513054 0.0080000003799796104431 0.048000000417232513428 0.086999997496604919434 0.11400000005960464478 0.0010000000474974513054 0.0010000000474974513054 0.0010000000474974513054 0.0010000000474974513054 0.0020000000949949026108 0.0020000000949949026108 0.0020000000949949026108 0.0020000000949949026108 0.023000000044703483582 0.03599999845027923584
0.030999999493360519409 0.032000001519918441772 0.032999999821186065674 0.032999999821186065674 0.034000001847743988037 0.034000001847743988037 0.028000000864267349243 0.061000000685453414917 0.10499999672174453735 0.15299999713897705078 0 0.064000003039836883545 0.11900000274181365967 0.17200000584125518799 0 0 0.33000001311302185059 0.0010000000474974513054 0.0010000000474974513054 0.0020000000949949026108 0.0020000000949949026108 0.0020000000949949026108 0.020999999716877937317 0 0 0.012000000104308128357 0.065999999642372131348 0.1180000007152557373 0 0.0010000000474974513054 0.0010000000474974513054 0.0010000000474974513054 0.0010000000474974513054 0.0020000000949949026108 0.0020000000949949026108 0.0020000000949949026108 0.0020000000949949026108 0.0030000000260770320892 0.0030000000260770320892
0.027000000700354576111 0.028000000864267349243 0.028000000864267349243 0.028999999165534973145 0.028999999165534973145 0.028999999165534973145 0.028000000864267349243 0.039999999105930328369 0.078000001609325408936 0.10599999874830245972 0.079999998211860656738 0.064000003039836883545 0.10800000280141830444 0.16099999845027923584 0.21400000154972076416 0.26800000667572021484 0.32100000977516174316 0.0010000000474974513054 0.0010000000474974513054 0.0010000000474974513054 0.0020000000949949026108 0.0020000000949949026108 0.00899999961256980896 0.032000001519918441772 0.043000001460313796997 0.037999998778104782104 0.078000001609325408936 0.12899999320507049561 0 0 0.0010000000474974513054 0.0010000000474974513054 0.0010000000474974513054 0.0010000000474974513054 0.0020000000949949026108 0.0020000000949949026108 0.0020000000949949026108 0.0030000000260770320892 0.0030000000260770320892
0.026000000536441802979 0.026000000536441802979 0.026000000536441802979 0.026000000536441802979 0.026000000536441802979 0.026000000536441802979 0.025000000372529029846 0.029999999329447746277 0.050000000745058059692 0.074000000953674316406 0.07500000298023223877 0.063000001013278961182 0.097000002861022949219 0.15000000596046447754 0.20399999618530273438 0.25799998641014099121 0 0.0010000000474974513054 0.0010000000474974513054 0.0010000000474974513054 0.0020000000949949026108 0.0020000000949949026108 0.0070000002160668373108 0.034000001847743988037 0.043000001460313796997 0.039999999105930328369 0.082000002264976501465 0.13600000739097595215 0.19200000166893005371 0.24500000476837158203 0 0.0010000000474974513054 0.0010000000474974513054 0.0010000000474974513054 0.0020000000949949026108 0.0020000000949949026108 0.0020000000949949026108 0.0020000000949949026108 0.0020000000949949026108
0.025000000372529029846 0.024000000208616256714 0.024000000208616256714 0.024000000208616256714 0.024000000208616256714 0.024000000208616256714 0.023000000044703483582 0.024000000208616256714 0.03599999845027923584 0.048000000417232513428 0.061999998986721038818 0.048999998718500137329 0.083999998867511749268 0.13699999451637268066 0.19200000166893005371 0.24799999594688415527 0 0.0010000000474974513054 0.0010000000474974513054 0.0010000000474974513054 0.0010000000474974513054 0.0010000000474974513054 0.00899999961256980896 0.048000000417232513428 0.054999999701976776123 0.043000001460313796997 0.075999997556209564209 0.12899999320507049561 0.18299999833106994629 0.23600000143051147461 0.28900000452995300293 0 0.0010000000474974513054 0.0010000000474974513054 0.0020000000949949026108 0.0020000000949949026108 0.0020000000949949026108 0.0020000000949949026108 0.0020000000949949026108
0.024000000208616256714 0.023000000044703483582 0.023000000044703483582 0.023000000044703483582 0.021999999880790710449 0.021999999880790710449 0.021999999880790710449 0.021999999880790710449 0.025000000372529029846 0.034000001847743988037 0.043000001460313796997 0.03599999845027923584 0.067000001668930053711 0.11599999666213989258 0.16500000655651092529 0 0 0.0010000000474974513054 0.0010000000474974513054 0.0010000000474974513054 0.0010000000474974513054 0.0010000000474974513054 0.014999999664723873138 0.064000003039836883545 0.072999998927116394043 0.048999998718500137329 0.067000001668930053711 0.12099999934434890747 0.17399999499320983887 0.22699999809265136719 0.28000000119209289551 0.33300000429153442383 0.0010000000474974513054 0.0020000000949949026108 0.0020000000949949026108 0.0020000000949949026108 0.0020000000949949026108 0.0020000000949949026108 0.0020000000949949026108
0.021999999880790710449 0.021999999880790710449 0.021999999880790710449 0.020999999716877937317 0.020999999716877937317 0.020999999716877937317 0.019999999552965164185 0.019999999552965164185 0.019999999552965164185 0.024000000208616256714 0.028999999165534973145 0.028999999165534973145 0.043999999761581420898 0.086000002920627593994 0.11299999803304672241 0.08900000154972076416 0.14100000262260437012 0 0 0.0010000000474974513054 0.0010000000474974513054 0.0010000000474974513054 0.032999999821186065674 0.082999996840953826904 0.10700000077486038208 0.0010000000474974513054 0.0010000000474974513054 0.11200000345706939697 0.16500000655651092529 0.21799999475479125977 0.27099999785423278809 0.0010000000474974513054 0.0020000000949949026108 0.0020000000949949026108 0.0020000000949949026108 0.0020000000949949026108 0.0020000000949949026108 0.0010000000474974513054 0.0010000000474974513054
0.020999999716877937317 0.019999999552965164185 0.019999999552965164185 0.019999999552965164185 0.018999999389052391052 0.018999999389052391052 0.018999999389052391052 0.018999999389052391052 0.018999999389052391052 0.018999999389052391052 0.020999999716877937317 0.021999999880790710449 0.024000000208616256714 0.057000000029802322388 0.082000002264976501465 0.085000000894069671631 0.10499999672174453735 0.10100000351667404175 0.15399999916553497314 0 0 0.034000001847743988037 0.056000001728534698486 0.096000000834465026855 0.10700000077486038208 0.0010000000474974513054 0.0010000000474974513054 0.0010000000474974513054 0.0020000000949949026108 0.20800000429153442383 0.0010000000474974513054 0.0010000000474974513054 0.0020000000949949026108 0.0020000000949949026108 0.0020000000949949026108 0.0010000000474974513054 0.0010000000474974513054 0.0010000000474974513054 0.0010000000474974513054
0.018999999389052391052 0.018999999389052391052 0.01799999922513961792 0.01799999922513961792 0.01799999922513961792 0.01799999922513961792 0.01799999922513961792 0.01799999922513961792 0.01799999922513961792 0.01799999922513961792 0.01799999922513961792 0.01799999922513961792 0.018999999389052391052 0.032000001519918441772 0.054999999701976776123 0.065999999642372131348 0.078000001609325408936 0.087999999523162841797 0.11299999803304672241 0.082000002264976501465 0.082000002264976501465 0.067000001668930053711 0.083999998867511749268 0.11500000208616256714 0 0.0010000000474974513054 0.0010000000474974513054 0.0010000000474974513054 0.0010000000474974513054 0.0010000000474974513054 0.0020000000949949026108 0.0020000000949949026108 0.0020000000949949026108 0.0020000000949949026108 0.0020000000949949026108 0.38100001215934753418 0.43299999833106994629 0 0.52300000190734863281
