data/A1_max_inun_rr1.00.asc
ncols        423
nrows        321
xllcorner    206546.352000000014
yllcorner    287233.353999999992
cellsize     3.999000000000
NODATA_value -9999
[rows 170 to 186 of 321, columns 156 to 194 of 423]
0.0030000000260770320892 0.0030000000260770320892 0.0030000000260770320892 0.0030000000260770320892 0.0030000000260770320892 0.0030000000260770320892 0.0030000000260770320892 0.0030000000260770320892 0.0040000001899898052216 0.010999999940395355225 0.025000000372529029846 0.046000000089406967163 0.068000003695487976074 0.08900000154972076416 0.10999999940395355225 0.13300000131130218506 0.15199999511241912842 0.18099999427795410156 0.20000000298023223877 0.21099999547004699707 0 0 0.0010000000474974513054 0.0010000000474974513054 0.0030000000260770320892 0.0020000000949949026108 0.0020000000949949026108 0.0020000000949949026108 0.0010000000474974513054 0.0010000000474974513054 0 0.0010000000474974513054 0.0020000000949949026108 0.0020000000949949026108 0.0020000000949949026108 0.0020000000949949026108 0.0020000000949949026108 0.0020000000949949026108 0.0020000000949949026108
0.0020000000949949026108 0.0030000000260770320892 0.0030000000260770320892 0.0030000000260770320892 0.0030000000260770320892 0.0030000000260770320892 0.0030000000260770320892 0.0030000000260770320892 0.0030000000260770320892 0.0030000000260770320892 0.0040000001899898052216 0.010999999940395355225 0.024000000208616256714 0.045000001788139343262 0.067000001668930053711 0.08900000154972076416 0.10999999940395355225 0.13300000131130218506 0.15099999308586120605 0.16699999570846557617 0.18899999558925628662 0.20100000500679016113 0 0 0.0020000000949949026108 0.0010000000474974513054 0.0010000000474974513054 0.0010000000474974513054 0.0010000000474974513054 0.0010000000474974513054 0.0010000000474974513054 0.0010000000474974513054 0.0020000000949949026108 0.0020000000949949026108 0.0020000000949949026108 0.0020000000949949026108 0.0020000000949949026108 0.0020000000949949026108 0.0020000000949949026108
0.0020000000949949026108 0.0020000000949949026108 0.0020000000949949026108 0.0030000000260770320892 0.0030000000260770320892 0.0030000000260770320892 0.0030000000260770320892 0.0030000000260770320892 0.0030000000260770320892 0.0030000000260770320892 0.0030000000260770320892 0.0030000000260770320892 0.0040000001899898052216 0.010999999940395355225 0.024000000208616256714 0.043999999761581420898 0.065999999642372131348 0.086000002920627593994 0.10499999672174453735 0.12200000137090682983 0.14100000262260437012 0.1580000072717666626 0.18099999427795410156 0.19300000369548797607 0.0010000000474974513054 0.0010000000474974513054 0.0010000000474974513054 0.0010000000474974513054 0.0010000000474974513054 0.0010000000474974513054 0.0010000000474974513054 0.0010000000474974513054 0.0010000000474974513054 0.0010000000474974513054 0.0010000000474974513054 0.0020000000949949026108 0.0020000000949949026108 0.0020000000949949026108 0.0020000000949949026108
0.0020000000949949026108 0.0020000000949949026108 0.0020000000949949026108 0.0020000000949949026108 0.0020000000949949026108 0.0020000000949949026108 0.0030000000260770320892 0.0030000000260770320892 0.0030000000260770320892 0.0030000000260770320892 0.0030000000260770320892 0.0030000000260770320892 0.0030000000260770320892 0.0030000000260770320892 0.0030000000260770320892 0.00899999961256980896 0.021999999880790710449 0.041000001132488250732 0.059999998658895492554 0.076999999582767486572 0.096000000834465026855 0.11400000005960464478 0.13300000131130218506 0.15099999308586120605 0.17599999904632568359 0.18899999558925628662 0.0010000000474974513054 0.0010000000474974513054 0.0010000000474974513054 0.0010000000474974513054 0.0010000000474974513054 0 0.0010000000474974513054 0.0010000000474974513054 0.0010000000474974513054 0.0010000000474974513054 0.0020000000949949026108 0.0020000000949949026108 0.0020000000949949026108
0.0020000000949949026108 0.0020000000949949026108 0.0020000000949949026108 0.0020000000949949026108 0.0020000000949949026108 0.0020000000949949026108 0.0020000000949949026108 0.0020000000949949026108 0.0030000000260770320892 0.0030000000260770320892 0.0030000000260770320892 0.0030000000260770320892 0.0030000000260770320892 0.0030000000260770320892 0.0030000000260770320892 0.0030000000260770320892 0.010999999940395355225 0.017000000923871994019 0.018999999389052391052 0.032999999821186065674 0.050999999046325683594 0.068999998271465301514 0.086999997496604919434 0.10700000077486038208 0.12800000607967376709 0.14699999988079071045 0.14100000262260437012 0.096000000834465026855 0 0 0 0 0.0010000000474974513054 0.0010000000474974513054 0.0010000000474974513054 0.0010000000474974513054 0.0010000000474974513054 0.0010000000474974513054 0.0010000000474974513054
0.0020000000949949026108 0.0020000000949949026108 0.0020000000949949026108 0.0020000000949949026108 0.0020000000949949026108 0.0020000000949949026108 0.0020000000949949026108 0.0020000000949949026108 0.0020000000949949026108 0.0030000000260770320892 0.0030000000260770320892 0.0030000000260770320892 0.0030000000260770320892 0.0030000000260770320892 0.0030000000260770320892 0.0030000000260770320892 0.010999999940395355225 0.01799999922513961792 0.020999999716877937317 0.014999999664723873138 0.013000000268220901489 0.025000000372529029846 0.041999999433755874634 0.061999998986721038818 0.082000002264976501465 0.10400000214576721191 0.11400000005960464478 0.075999997556209564209 0.054999999701976776123 0.041000001132488250732 0.030999999493360519409 0 0 0.0010000000474974513054 0.0010000000474974513054 0.0010000000474974513054 0.0010000000474974513054 0.0010000000474974513054 0.0010000000474974513054
0.0010000000474974513054 0.0010000000474974513054 0.0020000000949949026108 0.0020000000949949026108 0.0020000000949949026108 0.0020000000949949026108 0.0020000000949949026108 0.0020000000949949026108 0.0020000000949949026108 0.0020000000949949026108 0.0020000000949949026108 0.0030000000260770320892 0.0030000000260770320892 0.0030000000260770320892 0.0030000000260770320892 0.0030000000260770320892 0.010999999940395355225 0.019999999552965164185 0.023000000044703483582 0.016000000759959220886 0.010999999940395355225 0.010999999940395355225 0.012000000104308128357 0.018999999389052391052 0.039999999105930328369 0.064999997615814208984 0.090000003576278686523 0.063000001013278961182 0.03599999845027923584 0.032000001519918441772 0.034000001847743988037 0.041000001132488250732 0.028000000864267349243 0 0 0.0010000000474974513054 0.0010000000474974513054 0.0010000000474974513054 0.07500000298023223877
0.0010000000474974513054 0.0010000000474974513054 0.0010000000474974513054 0.0010000000474974513054 0.0020000000949949026108 0.0020000000949949026108 0.0020000000949949026108 0.0020000000949949026108 0.0020000000949949026108 0.0020000000949949026108 0.0020000000949949026108 0.0020000000949949026108 0.0020000000949949026108 0.0020000000949949026108 0.0030000000260770320892 0.0030000000260770320892 0.0099999997764825820923 0.023000000044703483582 0.025000000372529029846 0.013000000268220901489 0.010999999940395355225 0.00899999961256980896 0.0099999997764825820923 0.012000000104308128357 0.026000000536441802979 0.041000001132488250732 0.068000003695487976074 0.065999999642372131348 0.037999998778104782104 0.030999999493360519409 0.028999999165534973145 0.027000000700354576111 0.028000000864267349243 0.054999999701976776123 0.064000003039836883545 0 0 0.0010000000474974513054 0.035000000149011611938
0.0010000000474974513054 0.0010000000474974513054 0.0010000000474974513054 0.0010000000474974513054 0.0010000000474974513054 0.0010000000474974513054 0.0020000000949949026108 0.0020000000949949026108 0.0020000000949949026108 0.0020000000949949026108 0.0020000000949949026108 0.0020000000949949026108 0.0020000000949949026108 0.0020000000949949026108 0.0020000000949949026108 0.0020000000949949026108 0.0070000002160668373108 0.027000000700354576111 0.027000000700354576111 0.012000000104308128357 0.0099999997764825820923 0.0080000003799796104431 0.0060000000521540641785 0.0080000003799796104431 0.018999999389052391052 0.037999998778104782104 0.057999998331069946289 0.072999998927116394043 0.043000001460313796997 0.028000000864267349243 0.025000000372529029846 0.020999999716877937317 0.016000000759959220886 0.013000000268220901489 0.028000000864267349243 0.052999999374151229858 0.059000000357627868652 0 0.041999999433755874634
0 0.0010000000474974513054 0.0010000000474974513054 0.0010000000474974513054 0.0010000000474974513054 0.0010000000474974513054 0.0010000000474974513054 0.0010000000474974513054 0.0020000000949949026108 0.0020000000949949026108 0.0020000000949949026108 0.0020000000949949026108 0.0020000000949949026108 0.0020000000949949026108 0.0020000000949949026108 0.0020000000949949026108 0.0010000000474974513054 0.034000001847743988037 0.028000000864267349243 0.010999999940395355225 0.0070000002160668373108 0.0049999998882412910461 0.0030000000260770320892 0.0040000001899898052216 0.012000000104308128357 0.028999999165534973145 0.046999998390674591064 0.074000000953674316406 0.052000001072883605957 0.029999999329447746277 0.028999999165534973145 0.026000000536441802979 0.019999999552965164185 0.013000000268220901489 0.0099999997764825820923 0.014999999664723873138 0.01799999922513961792 0.035000000149011611938 0.03599999845027923584
0.074000000953674316406 0 0 0.0010000000474974513054 0.0010000000474974513054 0.0010000000474974513054 0.0010000000474974513054 0.0010000000474974513054 0.0010000000474974513054 0.0010000000474974513054 0.0020000000949949026108 0.0020000000949949026108 0.0020000000949949026108 0.0020000000949949026108 0.0020000000949949026108 0.0020000000949949026108 0.054000001400709152222 0.041999999433755874634 0.027000000700354576111 0.0010000000474974513054 0.0010000000474974513054 0.0010000000474974513054 0.0010000000474974513054 0.0020000000949949026108 0.0070000002160668373108 0.021999999880790710449 0.041000001132488250732 0.063000001013278961182 0.061000000685453414917 0.03599999845027923584 0.032000001519918441772 0.030999999493360519409 0.027000000700354576111 0.019999999552965164185 0.010999999940395355225 0.014999999664723873138 0.016000000759959220886 0.014000000432133674622 0.014000000432133674622
0.032000001519918441772 0.059000000357627868652 0.07199999690055847168 0 0 0.0010000000474974513054 0.0010000000474974513054 0.0010000000474974513054 0.0010000000474974513054 0.0010000000474974513054 0.0010000000474974513054 0.0010000000474974513054 0.0020000000949949026108 0.0020000000949949026108 0.0020000000949949026108 0.0010000000474974513054 0.023000000044703483582 0.037000000476837158203 0 0.0010000000474974513054 0.0010000000474974513054 0.0010000000474974513054 0.0010000000474974513054 0.0010000000474974513054 0.0030000000260770320892 0.013000000268220901489 0.030999999493360519409 0.052000001072883605957 0.068999998271465301514 0.043000001460313796997 0.039000000804662704468 0.037999998778104782104 0.032999999821186065674 0.028000000864267349243 0.016000000759959220886 0.016000000759959220886 0.016000000759959220886 0.014000000432133674622 0.0080000003799796104431
0.0040000001899898052216 0.013000000268220901489 0.030999999493360519409 0.057000000029802322388 0.07100000232458114624 0 0 0.0010000000474974513054 0.0010000000474974513054 0.0010000000474974513054 0.0010000000474974513054 0.0010000000474974513054 0.0010000000474974513054 0.0010000000474974513054 0.0010000000474974513054 0.039999999105930328369 0.032000001519918441772 0.037999998778104782104 0.057999998331069946289 0 0.0010000000474974513054 0.0010000000474974513054 0.0010000000474974513054 0.0010000000474974513054 0.0020000000949949026108 0.0049999998882412910461 0.018999999389052391052 0.037000000476837158203 0.068000003695487976074 0.048999998718500137329 0.039999999105930328369 0.046000000089406967163 0.041999999433755874634 0.037000000476837158203 0.026000000536441802979 0.016000000759959220886 0.017000000923871994019 0.013000000268220901489 0.0070000002160668373108
0.0020000000949949026108 0.0030000000260770320892 0.0040000001899898052216 0.010999999940395355225 0.029999999329447746277 0.056000001728534698486 0.070000000298023223877 0 0 0 0.0010000000474974513054 0.0010000000474974513054 0.0010000000474974513054 0.0010000000474974513054 0.0010000000474974513054 0.025000000372529029846 0.020999999716877937317 0.016000000759959220886 0.020999999716877937317 0.041000001132488250732 0 0 0.0010000000474974513054 0.0010000000474974513054 0.0010000000474974513054 0.0010000000474974513054 0.0099999997764825820923 0.024000000208616256714 0.052999999374151229858 0.052999999374151229858 0.039000000804662704468 0.050000000745058059692 0.050000000745058059692 0.050000000745058059692 0.037999998778104782104 0.019999999552965164185 0.01799999922513961792 0.013000000268220901489 0.0060000000521540641785
0.0020000000949949026108 0.0030000000260770320892 0.0030000000260770320892 0.0030000000260770320892 0.0030000000260770320892 0.00899999961256980896 0.028000000864267349243 0.052999999374151229858 0.067000001668930053711 0.079000003635883331299 0 0 0.0010000000474974513054 0.0010000000474974513054 0.041999999433755874634 0.029999999329447746277 0.018999999389052391052 0.013000000268220901489 0.010999999940395355225 0.01799999922513961792 0.034000001847743988037 0.043999999761581420898 0.0010000000474974513054 0.0010000000474974513054 0.0010000000474974513054 0.0010000000474974513054 0.0010000000474974513054 0.0010000000474974513054 0.041000001132488250732 0.052000001072883605957 0.032999999821186065674 0.046999998390674591064 0.054999999701976776123 0.061000000685453414917 0.054000001400709152222 0.032999999821186065674 0.018999999389052391052 0.012000000104308128357 0.0049999998882412910461
0.0020000000949949026108 0.0020000000949949026108 0.0030000000260770320892 0.0030000000260770320892 0.0030000000260770320892 0.0030000000260770320892 0.0030000000260770320892 0.0049999998882412910461 0.018999999389052391052 0.032999999821186065674 0.052000001072883605957 0.065999999642372131348 0 0 0.026000000536441802979 0.021999999880790710449 0.010999999940395355225 0.0099999997764825820923 0.00899999961256980896 0.0099999997764825820923 0.010999999940395355225 0 0.0010000000474974513054 0.0010000000474974513054 0.0010000000474974513054 0.0010000000474974513054 0.0010000000474974513054 0.037000000476837158203 0.030999999493360519409 0.039000000804662704468 0.021999999880790710449 0.032000001519918441772 0.045000001788139343262 0.070000000298023223877 0.068000003695487976074 0.048999998718500137329 0.020999999716877937317 0.010999999940395355225 0.0040000001899898052216
0.0020000000949949026108 0.0020000000949949026108 0.0020000000949949026108 0.0030000000260770320892 0.0030000000260770320892 0.0030000000260770320892 0.0030000000260770320892 0.0030000000260770320892 0.0030000000260770320892 0.0030000000260770320892 0.0040000001899898052216 0.023000000044703483582 0.046000000089406967163 0.056000001728534698486 0.032999999821186065674 0.019999999552965164185 0.010999999940395355225 0.00899999961256980896 0.0070000002160668373108 0.0070000002160668373108 0.0070000002160668373108 0 0.0010000000474974513054 0.0010000000474974513054 0.078000001609325408936 0.087999999523162841797 0 0.023000000044703483582 0.019999999552965164185 0.01799999922513961792 0.0030000000260770320892 0.0010000000474974513054 0.0010000000474974513054 0.074000000953674316406 0.082999996840953826904 0.063000001013278961182 0.027000000700354576111 0.0080000003799796104431 0.0030000000260770320892
