data/A1_max_inun_rr0.75.asc
ncols        423
nrows        321
xllcorner    206546.352000000014
yllcorner    287233.353999999992
cellsize     3.999000000000
NODATA_value -9999
[rows 234 to 251 of 321, columns 117 to 155 of 423]
0.0049999998882412910461 0.0049999998882412910461 0.0060000000521540641785 0.0060000000521540641785 0.0060000000521540641785 0.0060000000521540641785 0.0060000000521540641785 0.0060000000521540641785 0.0060000000521540641785 0.0060000000521540641785 0.0060000000521540641785 0.0049999998882412910461 0.0049999998882412910461 0.0049999998882412910461 0.0040000001899898052216 0.0020000000949949026108 0.0010000000474974513054 0.025000000372529029846 0.024000000208616256714 0.023000000044703483582 0.023000000044703483582 0.023000000044703483582 0.023000000044703483582 0.023000000044703483582 0.023000000044703483582 0 0.0020000000949949026108 0.0010000000474974513054 0.021999999880790710449 0.021999999880790710449 0.021999999880790710449 0.021999999880790710449 0.021999999880790710449 0.021999999880790710449 0.021999999880790710449 0.0010000000474974513054 0.0010000000474974513054 0.0030000000260770320892 0.0030000000260770320892
0.0049999998882412910461 0.0049999998882412910461 0.0060000000521540641785 0.0060000000521540641785 0.0060000000521540641785 0.0060000000521540641785 0.0060000000521540641785 0.0060000000521540641785 0.0060000000521540641785 0.0060000000521540641785 0.0060000000521540641785 0.0060000000521540641785 0.0060000000521540641785 0.0049999998882412910461 0.0049999998882412910461 0.0040000001899898052216 0.0030000000260770320892 0 0.023000000044703483582 0.023000000044703483582 0.023000000044703483582 0.023000000044703483582 0.023000000044703483582 0.023000000044703483582 0.023000000044703483582 0.0010000000474974513054 0.0020000000949949026108 0 0.021999999880790710449 0.021999999880790710449 0.021999999880790710449 0.021999999880790710449 0.021999999880790710449 0.021999999880790710449 0.021999999880790710449 0.021999999880790710449 0.021999999880790710449 0.0010000000474974513054 0.0030000000260770320892
0.0010000000474974513054 0.0049999998882412910461 0.0049999998882412910461 0.0060000000521540641785 0.0060000000521540641785 0.0060000000521540641785 0.0060000000521540641785 0.0060000000521540641785 0.0060000000521540641785 0.0060000000521540641785 0.0060000000521540641785 0.0060000000521540641785 0.0060000000521540641785 0.0049999998882412910461 0.0049999998882412910461 0.0049999998882412910461 0.0020000000949949026108 0.023000000044703483582 0.023000000044703483582 0.023000000044703483582 0.023000000044703483582 0.023000000044703483582 0.023000000044703483582 0.023000000044703483582 0.0010000000474974513054 0.0020000000949949026108 0.0010000000474974513054 0.021999999880790710449 0.021999999880790710449 0.021999999880790710449 0.021999999880790710449 0.021999999880790710449 0.021999999880790710449 0.021999999880790710449 0.021999999880790710449 0.021999999880790710449 0.021999999880790710449 0.021999999880790710449 0.0010000000474974513054
0.0080000003799796104431 0.0020000000949949026108 0.0049999998882412910461 0.0049999998882412910461 0.0060000000521540641785 0.0060000000521540641785 0.0060000000521540641785 0.0060000000521540641785 0.0060000000521540641785 0.0060000000521540641785 0.0060000000521540641785 0.0060000000521540641785 0.0060000000521540641785 0.0060000000521540641785 0.0049999998882412910461 0.0049999998882412910461 0.0040000001899898052216 0 0.023000000044703483582 0.023000000044703483582 0.023000000044703483582 0.023000000044703483582 0.023000000044703483582 0 0.0020000000949949026108 0.0010000000474974513054 0.021999999880790710449 0.021999999880790710449 0.021999999880790710449 0.021999999880790710449 0.021999999880790710449 0.021999999880790710449 0.021999999880790710449 0.021999999880790710449 0.021999999880790710449 0.021999999880790710449 0.021999999880790710449 0.021999999880790710449 0.021999999880790710449
0.0030000000260770320892 0.0010000000474974513054 0.0049999998882412910461 0.0049999998882412910461 0.0049999998882412910461 0.0060000000521540641785 0.0060000000521540641785 0.0060000000521540641785 0.0060000000521540641785 0.0060000000521540641785 0.0060000000521540641785 0.0060000000521540641785 0.0060000000521540641785 0.0060000000521540641785 0.0049999998882412910461 0.0049999998882412910461 0.0020000000949949026108 0.023000000044703483582 0.023000000044703483582 0.023000000044703483582 0.023000000044703483582 0.023000000044703483582 0.023000000044703483582 0.0010000000474974513054 0.0020000000949949026108 0 0.021999999880790710449 0.021999999880790710449 0.021999999880790710449 0.021999999880790710449 0.021999999880790710449 0.021999999880790710449 0.021999999880790710449 0.021999999880790710449 0.021999999880790710449 0.021999999880790710449 0.021999999880790710449 0.021999999880790710449 0.021999999880790710449
0.0060000000521540641785 0.0010000000474974513054 0.0010000000474974513054 0.0020000000949949026108 0.0049999998882412910461 0.0049999998882412910461 0.0060000000521540641785 0.0060000000521540641785 0.0060000000521540641785 0.0060000000521540641785 0.0060000000521540641785 0.0060000000521540641785 0.0060000000521540641785 0.0049999998882412910461 0.0049999998882412910461 0.0049999998882412910461 0.0010000000474974513054 0.023000000044703483582 0.023000000044703483582 0.023000000044703483582 0.023000000044703483582 0.023000000044703483582 0.0010000000474974513054 0.0020000000949949026108 0.0010000000474974513054 0.021999999880790710449 0.021999999880790710449 0.021999999880790710449 0.021999999880790710449 0.021999999880790710449 0.021999999880790710449 0.021999999880790710449 0.021999999880790710449 0.021999999880790710449 0.021999999880790710449 0.021999999880790710449 0.021999999880790710449 0.021999999880790710449 0.021999999880790710449
0.1230000033974647522 0.034000001847743988037 0.0010000000474974513054 0.0020000000949949026108 0.0010000000474974513054 0.0049999998882412910461 0.0049999998882412910461 0.0049999998882412910461 0.0060000000521540641785 0.0060000000521540641785 0.0060000000521540641785 0.0060000000521540641785 0.0060000000521540641785 0.0049999998882412910461 0.0049999998882412910461 0.0049999998882412910461 0.0010000000474974513054 0.021999999880790710449 0.021999999880790710449 0.021999999880790710449 0.023000000044703483582 0 0.0020000000949949026108 0.0010000000474974513054 0.021999999880790710449 0.021999999880790710449 0.021999999880790710449 0.021999999880790710449 0.021999999880790710449 0.021999999880790710449 0.021999999880790710449 0.021999999880790710449 0.021999999880790710449 0.021999999880790710449 0.021999999880790710449 0.021999999880790710449 0.021999999880790710449 0.021999999880790710449 0.021999999880790710449
0 0.18500000238418579102 0.097000002861022949219 0.0080000003799796104431 0.0010000000474974513054 0.0010000000474974513054 0.0020000000949949026108 0.0049999998882412910461 0.0049999998882412910461 0.0049999998882412910461 0.0049999998882412910461 0.0049999998882412910461 0.0049999998882412910461 0.0049999998882412910461 0.0049999998882412910461 0.0040000001899898052216 0.0010000000474974513054 0.021999999880790710449 0.021999999880790710449 0.021999999880790710449 0.021999999880790710449 0.0010000000474974513054 0.0020000000949949026108 0 0.021999999880790710449 0.021999999880790710449 0.021999999880790710449 0.021999999880790710449 0.021999999880790710449 0.021999999880790710449 0.021999999880790710449 0.021999999880790710449 0.021999999880790710449 0.021999999880790710449 0.021999999880790710449 0.021999999880790710449 0.021999999880790710449 0.021999999880790710449 0.021999999880790710449
0.0010000000474974513054 0 0 0.097999997437000274658 0.00899999961256980896 0.0010000000474974513054 0.0020000000949949026108 0.0010000000474974513054 0.0049999998882412910461 0.0049999998882412910461 0.0049999998882412910461 0.0049999998882412910461 0.0049999998882412910461 0.0049999998882412910461 0.0040000001899898052216 0.0010000000474974513054 0.019999999552965164185 0.020999999716877937317 0.020999999716877937317 0.021999999880790710449 0 0.0020000000949949026108 0.0010000000474974513054 0.021999999880790710449 0.021999999880790710449 0.021999999880790710449 0.021999999880790710449 0.021999999880790710449 0.021999999880790710449 0.021999999880790710449 0.021999999880790710449 0.021999999880790710449 0.021999999880790710449 0.021999999880790710449 0.021999999880790710449 0.021999999880790710449 0.021999999880790710449 0.021999999880790710449 0.021999999880790710449
0.0010000000474974513054 0.0010000000474974513054 0 0 0.10700000077486038208 0.01799999922513961792 0.0010000000474974513054 0.0010000000474974513054 0.0010000000474974513054 0.0020000000949949026108 0.0049999998882412910461 0.0049999998882412910461 0.0049999998882412910461 0.0040000001899898052216 0.0020000000949949026108 0.018999999389052391052 0.019999999552965164185 0.019999999552965164185 0.020999999716877937317 0.020999999716877937317 0.0010000000474974513054 0.0020000000949949026108 0 0.021999999880790710449 0.021999999880790710449 0.021999999880790710449 0.021999999880790710449 0.021999999880790710449 0.021999999880790710449 0.021999999880790710449 0.021999999880790710449 0.021999999880790710449 0.021999999880790710449 0.021999999880790710449 0.021999999880790710449 0.021999999880790710449 0.021999999880790710449 0.021999999880790710449 0.021999999880790710449
0.0010000000474974513054 0.0010000000474974513054 0.0010000000474974513054 0 0 0.1689999997615814209 0.081000000238418579102 0.0010000000474974513054 0.0010000000474974513054 0.0010000000474974513054 0.0010000000474974513054 0.0020000000949949026108 0.0040000001899898052216 0.0040000001899898052216 0.0010000000474974513054 0.018999999389052391052 0.018999999389052391052 0.019999999552965164185 0.019999999552965164185 0.0010000000474974513054 0.0020000000949949026108 0.0010000000474974513054 0.021999999880790710449 0.021999999880790710449 0.021999999880790710449 0.021999999880790710449 0.021999999880790710449 0.021999999880790710449 0.021999999880790710449 0.021999999880790710449 0.021999999880790710449 0.021999999880790710449 0.021999999880790710449 0.021999999880790710449 0.021999999880790710449 0.021999999880790710449 0.021999999880790710449 0.021999999880790710449 0.021999999880790710449
0.0010000000474974513054 0.0010000000474974513054 0.0010000000474974513054 0 0.40799999237060546875 0.31999999284744262695 0.23100000619888305664 0.14300000667572021484 0.054999999701976776123 0.0010000000474974513054 0.0010000000474974513054 0.0010000000474974513054 0.0010000000474974513054 0.0010000000474974513054 0.014999999664723873138 0.017000000923871994019 0.017000000923871994019 0.01799999922513961792 0 0.0020000000949949026108 0.0010000000474974513054 0.021999999880790710449 0.021999999880790710449 0.021999999880790710449 0.021999999880790710449 0.021999999880790710449 0.021999999880790710449 0.021999999880790710449 0.021999999880790710449 0.021999999880790710449 0.021999999880790710449 0.021999999880790710449 0.021999999880790710449 0.021999999880790710449 0.021999999880790710449 0.021999999880790710449 0.021999999880790710449 0.021999999880790710449 0.021999999880790710449
0.0010000000474974513054 0.0010000000474974513054 0.0010000000474974513054 0 0.5590000152587890625 0.47099998593330383301 0 0 0 0.12200000137090682983 0.032999999821186065674 0.0020000000949949026108 0.0020000000949949026108 0.0030000000260770320892 0.013000000268220901489 0.014999999664723873138 0.016000000759959220886 0.017000000923871994019 0.0010000000474974513054 0.0020000000949949026108 0 0.021999999880790710449 0.021999999880790710449 0.021999999880790710449 0.021999999880790710449 0.021999999880790710449 0.021999999880790710449 0.021999999880790710449 0.021999999880790710449 0.021999999880790710449 0.021999999880790710449 0.021999999880790710449 0.021999999880790710449 0.021999999880790710449 0.021999999880790710449 0.021999999880790710449 0.021999999880790710449 0.021999999880790710449 0.021999999880790710449
0.0010000000474974513054 0.0010000000474974513054 0.0010000000474974513054 0.0010000000474974513054 0 0.62099999189376831055 0.0010000000474974513054 0.0010000000474974513054 0 0 0.18400000035762786865 0.094999998807907104492 0.0070000002160668373108 0.0030000000260770320892 0.0030000000260770320892 0.0080000003799796104431 0.014000000432133674622 0.016000000759959220886 0.0010000000474974513054 0 0.0099999997764825820923 0 0.021999999880790710449 0.021999999880790710449 0.021999999880790710449 0.021999999880790710449 0.021999999880790710449 0.021999999880790710449 0.021999999880790710449 0.021999999880790710449 0.021999999880790710449 0.021999999880790710449 0.021999999880790710449 0.021999999880790710449 0.021999999880790710449 0.021999999880790710449 0.021999999880790710449 0.021999999880790710449 0.021999999880790710449
0.0010000000474974513054 0.0010000000474974513054 0.0010000000474974513054 0.0010000000474974513054 0.0010000000474974513054 0.0010000000474974513054 0.0010000000474974513054 0.0010000000474974513054 0.0010000000474974513054 0.0010000000474974513054 0 0 0.00899999961256980896 0.0040000001899898052216 0.0049999998882412910461 0.0060000000521540641785 0.0030000000260770320892 0 0.0010000000474974513054 0.0099999997764825820923 0.0099999997764825820923 0 0.021999999880790710449 0.021999999880790710449 0.021999999880790710449 0.021999999880790710449 0.021999999880790710449 0.021999999880790710449 0.021999999880790710449 0.021999999880790710449 0.021999999880790710449 0.021999999880790710449 0.021999999880790710449 0.021999999880790710449 0.021999999880790710449 0.021999999880790710449 0.021999999880790710449 0.021999999880790710449 0.021999999880790710449
0.0070000002160668373108 0.0070000002160668373108 0.0049999998882412910461 0.0010000000474974513054 0.0010000000474974513054 0.0010000000474974513054 0.0010000000474974513054 0.0010000000474974513054 0.0010000000474974513054 0.0010000000474974513054 0.0010000000474974513054 0 0.052000001072883605957 0.050999999046325683594 0.079999998211860656738 0.079999998211860656738 0.0030000000260770320892 0.0010000000474974513054 0 0 0.0099999997764825820923 0.00899999961256980896 0 0.021999999880790710449 0.021999999880790710449 0.021999999880790710449 0.021999999880790710449 0.021999999880790710449 0.021999999880790710449 0.021999999880790710449 0.021999999880790710449 0.021999999880790710449 0.021999999880790710449 0.021999999880790710449 0.021999999880790710449 0.021999999880790710449 0.021999999880790710449 0.021999999880790710449 0.021999999880790710449
0.0010000000474974513054 0.0020000000949949026108 0.0040000001899898052216 0.0060000000521540641785 0.0040000001899898052216 0.0010000000474974513054 0.0010000000474974513054 0.0010000000474974513054 0.0010000000474974513054 0.0010000000474974513054 0 0.050999999046325683594 0.050999999046325683594 0.050999999046325683594 0 0.24199999868869781494 0.15399999916553497314 0.079999998211860656738 0.0070000002160668373108 0.0010000000474974513054 0 0.00899999961256980896 0.0010000000474974513054 0.0010000000474974513054 0 0.021999999880790710449 0.021999999880790710449 0.021999999880790710449 0.021999999880790710449 0.021999999880790710449 0.021999999880790710449 0.021999999880790710449 0.021999999880790710449 0.021999999880790710449 0.021999999880790710449 0.021999999880790710449 0.021999999880790710449 0.021999999880790710449 0.021999999880790710449
0.019999999552965164185 0.0070000002160668373108 0.0020000000949949026108 0.0030000000260770320892 0.0030000000260770320892 0.0049999998882412910461 0.0040000001899898052216 0.0030000000260770320892 0.0010000000474974513054 0.0010000000474974513054 0.059999998658895492554 0.050999999046325683594 0.050999999046325683594 0 0.0010000000474974513054 0 0 0.23999999463558197021 0.15600000321865081787 0.067000001668930053711 0.0010000000474974513054 0.0020000000949949026108 0 0.0020000000949949026108 0.0020000000949949026108 0.0010000000474974513054 0 0.021999999880790710449 0.021999999880790710449 0.021999999880790710449 0.021999999880790710449 0.021999999880790710449 0.021999999880790710449 0.021999999880790710449 0.021999999880790710449 0.021999999880790710449 0.021999999880790710449 0.021999999880790710449 0.021999999880790710449
