data/A1_max_inun_rr0.75.asc
ncols        423
nrows        321
xllcorner    206546.352000000014
yllcorner    287233.353999999992
cellsize     3.999000000000
NODATA_value -9999
[rows 144 to 161 of 321, columns 195 to 233 of 423]
0.0010000000474974513054 0.0010000000474974513054 0.0010000000474974513054 0.0010000000474974513054 0.0010000000474974513054 0.0010000000474974513054 0.0010000000474974513054 0 0 0.0010000000474974513054 0 0.085000000894069671631 0.046999998390674591064 0.0099999997764825820923 0.00899999961256980896 0.0080000003799796104431 0.0080000003799796104431 0.0080000003799796104431 0.0070000002160668373108 0.0049999998882412910461 0.0030000000260770320892 0.0010000000474974513054 0.0010000000474974513054 0.0010000000474974513054 0.0010000000474974513054 0.0010000000474974513054 0 0.43000000715255737305 0.41999998688697814941 0.40299999713897705078 0.35800001025199890137 0.0010000000474974513054 0.0010000000474974513054 0.0010000000474974513054 0.0010000000474974513054 0.0010000000474974513054 0.0010000000474974513054 0 0.037000000476837158203
0.0010000000474974513054 0.0010000000474974513054 0.0010000000474974513054 0 0 0 0.15999999642372131348 0.16799999773502349854 0.17399999499320983887 0.18000000715255737305 0.1689999997615814209 0.10199999809265136719 0.054000001400709152222 0.012000000104308128357 0.00899999961256980896 0.00899999961256980896 0.00899999961256980896 0.0080000003799796104431 0.0080000003799796104431 0.0070000002160668373108 0.0049999998882412910461 0.0010000000474974513054 0.0010000000474974513054 0.0010000000474974513054 0.0010000000474974513054 0.0010000000474974513054 0 0.35199999809265136719 0.3379999995231628418 0.32899999618530273438 0.30000001192092895508 0.0010000000474974513054 0.0010000000474974513054 0.0010000000474974513054 0.0010000000474974513054 0.0010000000474974513054 0.0010000000474974513054 0 0.034000001847743988037
0 0 0.098999999463558197021 0.10599999874830245972 0.10899999737739562988 0.10999999940395355225 0.10899999737739562988 0.11500000208616256714 0.12099999934434890747 0.12800000607967376709 0.12099999934434890747 0.068000003695487976074 0.01799999922513961792 0.012000000104308128357 0.00899999961256980896 0.0080000003799796104431 0.00899999961256980896 0.00899999961256980896 0.00899999961256980896 0.0080000003799796104431 0.0070000002160668373108 0.0060000000521540641785 0.0010000000474974513054 0.0010000000474974513054 0.0010000000474974513054 0.0010000000474974513054 0 0.27399998903274536133 0.25900000333786010742 0.24699999392032623291 0.23800000548362731934 0.0010000000474974513054 0.0010000000474974513054 0.0010000000474974513054 0 0 0 0 0.028999999165534973145
0.052999999374151229858 0.056000001728534698486 0.050999999046325683594 0.056000001728534698486 0.057000000029802322388 0.057000000029802322388 0.057000000029802322388 0.061999998986721038818 0.068999998271465301514 0.075999997556209564209 0.072999998927116394043 0.023000000044703483582 0.01799999922513961792 0.014000000432133674622 0.00899999961256980896 0.0080000003799796104431 0.00899999961256980896 0.00899999961256980896 0.0099999997764825820923 0.00899999961256980896 0.0080000003799796104431 0.0049999998882412910461 0.0010000000474974513054 0.0010000000474974513054 0.0010000000474974513054 0.0010000000474974513054 0 0.19599999487400054932 0.18099999427795410156 0.16699999570846557617 0.15600000321865081787 0 0 0 0.093000002205371856689 0.050999999046325683594 0.018999999389052391052 0.023000000044703483582 0.017000000923871994019
0.00899999961256980896 0.013000000268220901489 0.021999999880790710449 0.026000000536441802979 0.027000000700354576111 0.023000000044703483582 0.016000000759959220886 0.00899999961256980896 0.016000000759959220886 0.024000000208616256714 0.029999999329447746277 0.020999999716877937317 0.021999999880790710449 0.018999999389052391052 0.0099999997764825820923 0.0070000002160668373108 0.0080000003799796104431 0.00899999961256980896 0.0099999997764825820923 0.010999999940395355225 0.0099999997764825820923 0.0080000003799796104431 0.0010000000474974513054 0.0010000000474974513054 0 0 0 0.1180000007152557373 0.10300000011920928955 0.087999999523162841797 0.074000000953674316406 0.065999999642372131348 0.041000001132488250732 0.028000000864267349243 0.028000000864267349243 0.0049999998882412910461 0.0070000002160668373108 0.010999999940395355225 0.01799999922513961792
0.0070000002160668373108 0.016000000759959220886 0.025000000372529029846 0.030999999493360519409 0.032000001519918441772 0.025000000372529029846 0.014999999664723873138 0.00899999961256980896 0.0080000003799796104431 0.014000000432133674622 0.027000000700354576111 0.019999999552965164185 0.024000000208616256714 0.026000000536441802979 0.012000000104308128357 0.0070000002160668373108 0.0070000002160668373108 0.0080000003799796104431 0.00899999961256980896 0.010999999940395355225 0.013000000268220901489 0.012000000104308128357 0 0 0.086999997496604919434 0.041000001132488250732 0.028000000864267349243 0.037999998778104782104 0.025000000372529029846 0.0099999997764825820923 0.0020000000949949026108 0.0020000000949949026108 0.0020000000949949026108 0.0020000000949949026108 0.0010000000474974513054 0.0010000000474974513054 0.0010000000474974513054 0 0.028000000864267349243
0.0060000000521540641785 0.014999999664723873138 0.026000000536441802979 0.034000001847743988037 0.035000000149011611938 0.021999999880790710449 0.010999999940395355225 0.0080000003799796104431 0.0070000002160668373108 0.0080000003799796104431 0.018999999389052391052 0.014999999664723873138 0.023000000044703483582 0.03599999845027923584 0.017000000923871994019 0.0070000002160668373108 0.0060000000521540641785 0.0060000000521540641785 0.0070000002160668373108 0.00899999961256980896 0.013000000268220901489 0.019999999552965164185 0.030999999493360519409 0.029999999329447746277 0.029999999329447746277 0.0030000000260770320892 0.0030000000260770320892 0.0030000000260770320892 0.0030000000260770320892 0.0020000000949949026108 0.0020000000949949026108 0.0020000000949949026108 0.0020000000949949026108 0.0020000000949949026108 0.0010000000474974513054 0.0010000000474974513054 0.0010000000474974513054 0 0.027000000700354576111
0.0049999998882412910461 0.014000000432133674622 0.027000000700354576111 0.037000000476837158203 0.041000001132488250732 0.016000000759959220886 0.0080000003799796104431 0.0080000003799796104431 0.0010000000474974513054 0.0040000001899898052216 0.010999999940395355225 0.0010000000474974513054 0 0.052000001072883605957 0.024000000208616256714 0.0080000003799796104431 0.0060000000521540641785 0.0049999998882412910461 0.0040000001899898052216 0.0040000001899898052216 0.0030000000260770320892 0.0030000000260770320892 0.0030000000260770320892 0.0030000000260770320892 0.0030000000260770320892 0.0030000000260770320892 0.0030000000260770320892 0.0030000000260770320892 0.0020000000949949026108 0.0020000000949949026108 0.0020000000949949026108 0.0020000000949949026108 0.0020000000949949026108 0.0020000000949949026108 0.0010000000474974513054 0.0010000000474974513054 0.0010000000474974513054 0 0.027000000700354576111
0.0030000000260770320892 0.012000000104308128357 0.026000000536441802979 0.039999999105930328369 0.050999999046325683594 0 0.0010000000474974513054 0.0010000000474974513054 0.0010000000474974513054 0.0040000001899898052216 0.0099999997764825820923 0.0010000000474974513054 0.0010000000474974513054 0.030999999493360519409 0.037999998778104782104 0.0099999997764825820923 0.0060000000521540641785 0.0049999998882412910461 0.0049999998882412910461 0.0040000001899898052216 0.0030000000260770320892 0.0030000000260770320892 0.0030000000260770320892 0.0030000000260770320892 0.0030000000260770320892 0.0030000000260770320892 0.0030000000260770320892 0.0020000000949949026108 0.0020000000949949026108 0.0020000000949949026108 0.0020000000949949026108 0.0020000000949949026108 0.0020000000949949026108 0.0020000000949949026108 0.0010000000474974513054 0.0010000000474974513054 0.0010000000474974513054 0 0.026000000536441802979
0.0020000000949949026108 0.00899999961256980896 0.021999999880790710449 0.037000000476837158203 0.057000000029802322388 0.083999998867511749268 0 0.0010000000474974513054 0.0010000000474974513054 0.0040000001899898052216 0.0099999997764825820923 0.0010000000474974513054 0.0010000000474974513054 0 0.059000000357627868652 0.014000000432133674622 0.0070000002160668373108 0.0060000000521540641785 0.0049999998882412910461 0.0040000001899898052216 0.0040000001899898052216 0.0030000000260770320892 0.0030000000260770320892 0.0020000000949949026108 0.0020000000949949026108 0.0020000000949949026108 0.0020000000949949026108 0.0020000000949949026108 0.0020000000949949026108 0.0020000000949949026108 0.0020000000949949026108 0.0020000000949949026108 0.0020000000949949026108 0.0020000000949949026108 0.0010000000474974513054 0.0010000000474974513054 0.0010000000474974513054 0 0.025000000372529029846
0.0010000000474974513054 0.0070000002160668373108 0.01799999922513961792 0.027000000700354576111 0.032000001519918441772 0.039000000804662704468 0 0.0010000000474974513054 0.0010000000474974513054 0.0030000000260770320892 0.00899999961256980896 0.0010000000474974513054 0.0010000000474974513054 0 0.046999998390674591064 0.016000000759959220886 0.0070000002160668373108 0.0060000000521540641785 0.0060000000521540641785 0.0049999998882412910461 0.0040000001899898052216 0.0030000000260770320892 0.0030000000260770320892 0.0020000000949949026108 0.0020000000949949026108 0.0020000000949949026108 0.0020000000949949026108 0.0020000000949949026108 0.0020000000949949026108 0.0020000000949949026108 0.0020000000949949026108 0.0020000000949949026108 0.0020000000949949026108 0.0020000000949949026108 0.0010000000474974513054 0.0010000000474974513054 0.0010000000474974513054 0 0.024000000208616256714
0.0010000000474974513054 0.0060000000521540641785 0.01799999922513961792 0.029999999329447746277 0.037999998778104782104 0.046000000089406967163 0 0.0010000000474974513054 0.0010000000474974513054 0.0030000000260770320892 0.00899999961256980896 0.0010000000474974513054 0.0010000000474974513054 0 0.052000001072883605957 0.023000000044703483582 0.0080000003799796104431 0.0070000002160668373108 0.0060000000521540641785 0.0060000000521540641785 0.0049999998882412910461 0.0040000001899898052216 0.0030000000260770320892 0.0010000000474974513054 0.0020000000949949026108 0.0020000000949949026108 0.0020000000949949026108 0.0020000000949949026108 0.0020000000949949026108 0.0020000000949949026108 0.0020000000949949026108 0.0020000000949949026108 0.0020000000949949026108 0.0020000000949949026108 0.0010000000474974513054 0.0010000000474974513054 0.0010000000474974513054 0 0.024000000208616256714
0.0010000000474974513054 0.0040000001899898052216 0.016000000759959220886 0.030999999493360519409 0.039000000804662704468 0.046000000089406967163 0 0.0010000000474974513054 0.0010000000474974513054 0.0020000000949949026108 0.0080000003799796104431 0.0010000000474974513054 0.0010000000474974513054 0.0010000000474974513054 0.034000001847743988037 0.037000000476837158203 0.00899999961256980896 0.0070000002160668373108 0.0070000002160668373108 0.0060000000521540641785 0.0060000000521540641785 0.0049999998882412910461 0.0040000001899898052216 0.0040000001899898052216 0.0020000000949949026108 0.0020000000949949026108 0.0020000000949949026108 0.0020000000949949026108 0.0020000000949949026108 0.0020000000949949026108 0.0020000000949949026108 0.0020000000949949026108 0.0020000000949949026108 0.0010000000474974513054 0.0010000000474974513054 0.0010000000474974513054 0.0010000000474974513054 0 0.023000000044703483582
0.0010000000474974513054 0.0030000000260770320892 0.012000000104308128357 0.035000000149011611938 0.039999999105930328369 0.043999999761581420898 0 0.0010000000474974513054 0.0010000000474974513054 0.0010000000474974513054 0.0080000003799796104431 0.0010000000474974513054 0.0010000000474974513054 0.0010000000474974513054 0 0.056000001728534698486 0.010999999940395355225 0.0080000003799796104431 0.0070000002160668373108 0.0070000002160668373108 0.0060000000521540641785 0.0049999998882412910461 0.0040000001899898052216 0.0030000000260770320892 0.0020000000949949026108 0.0020000000949949026108 0.0020000000949949026108 0.0020000000949949026108 0.0020000000949949026108 0.0020000000949949026108 0.0010000000474974513054 0.0010000000474974513054 0.0010000000474974513054 0.0010000000474974513054 0.0010000000474974513054 0.0010000000474974513054 0.0010000000474974513054 0 0.021999999880790710449
0.0010000000474974513054 0.0010000000474974513054 0.0010000000474974513054 0.041999999433755874634 0.043000001460313796997 0.039000000804662704468 0 0.0010000000474974513054 0.0010000000474974513054 0.0010000000474974513054 0.0070000002160668373108 0.0010000000474974513054 0.0010000000474974513054 0.0010000000474974513054 0 0.043999999761581420898 0.012000000104308128357 0.0080000003799796104431 0.0080000003799796104431 0.0070000002160668373108 0.0070000002160668373108 0.0060000000521540641785 0.0049999998882412910461 0.0030000000260770320892 0.0010000000474974513054 0.0010000000474974513054 0.0010000000474974513054 0.0010000000474974513054 0.0010000000474974513054 0.0010000000474974513054 0.0010000000474974513054 0.0010000000474974513054 0.0010000000474974513054 0.0010000000474974513054 0.0010000000474974513054 0.0010000000474974513054 0.0010000000474974513054 0 0.019999999552965164185
0 0.0010000000474974513054 0.0010000000474974513054 0.046000000089406967163 0.048000000417232513428 0.028000000864267349243 0.037999998778104782104 0.0010000000474974513054 0.0010000000474974513054 0.0010000000474974513054 0.0060000000521540641785 0.0010000000474974513054 0.0010000000474974513054 0.0010000000474974513054 0 0.050000000745058059692 0.014999999664723873138 0.0080000003799796104431 0.0080000003799796104431 0.0080000003799796104431 0.0080000003799796104431 0.0070000002160668373108 0.0060000000521540641785 0.0049999998882412910461 0.0010000000474974513054 0.0010000000474974513054 0.0010000000474974513054 0.0010000000474974513054 0.0010000000474974513054 0.0010000000474974513054 0.0010000000474974513054 0.0010000000474974513054 0.0010000000474974513054 0.0010000000474974513054 0.0010000000474974513054 0.0010000000474974513054 0.0010000000474974513054 0 0.01799999922513961792
0.034000001847743988037 0 0 0.048999998718500137329 0.059000000357627868652 0 0.0010000000474974513054 0.0010000000474974513054 0.0010000000474974513054 0.0010000000474974513054 0.0049999998882412910461 0.0010000000474974513054 0.0010000000474974513054 0.0010000000474974513054 0 0.043000001460313796997 0.021999999880790710449 0.00899999961256980896 0.0070000002160668373108 0.0080000003799796104431 0.0080000003799796104431 0.0080000003799796104431 0.0080000003799796104431 0.0070000002160668373108 0.0070000002160668373108 0.0010000000474974513054 0.0010000000474974513054 0.0010000000474974513054 0.0010000000474974513054 0.0010000000474974513054 0.0010000000474974513054 0.0010000000474974513054 0.0010000000474974513054 0 0 0 0 0.035000000149011611938 0.016000000759959220886
0.017000000923871994019 0.034000001847743988037 0.045000001788139343262 0.046000000089406967163 0.050999999046325683594 0 0.0010000000474974513054 0.0010000000474974513054 0.0010000000474974513054 0.0010000000474974513054 0.0040000001899898052216 0.0010000000474974513054 0.0010000000474974513054 0.0010000000474974513054 0 0.032000001519918441772 0.032000001519918441772 0.0099999997764825820923 0.0070000002160668373108 0.0070000002160668373108 0.0080000003799796104431 0.0080000003799796104431 0.0080000003799796104431 0.0080000003799796104431 0.0060000000521540641785 0.0010000000474974513054 0.0010000000474974513054 0 0 0 0 0 0 0.065999999642372131348 0.018999999389052391052 0.010999999940395355225 0.0099999997764825820923 0.0080000003799796104431 0.0099999997764825820923
