data/A1_max_inun_rr0.75.asc
ncols        423
nrows        321
xllcorner    206546.352000000014
yllcorner    287233.353999999992
cellsize     3.999000000000
NODATA_value -9999
[rows 216 to 233 of 321, columns 0 to 38 of 423]
0.13099999725818634033 0 0 0.0010000000474974513054 0.0010000000474974513054 0.0010000000474974513054 0.0010000000474974513054 0.0010000000474974513054 0.0010000000474974513054 0.0010000000474974513054 0.0010000000474974513054 0.0010000000474974513054 0.0010000000474974513054 0.0010000000474974513054 0.0020000000949949026108 0.0030000000260770320892 0 0.0010000000474974513054 0.0010000000474974513054 0.0010000000474974513054 0.0020000000949949026108 0.0020000000949949026108 0.0010000000474974513054 0.0010000000474974513054 0.0010000000474974513054 0.0010000000474974513054 0.0010000000474974513054 0.0020000000949949026108 0.0010000000474974513054 0.018999999389052391052 0 0 0.0010000000474974513054 0.0010000000474974513054 0.0010000000474974513054 0.0010000000474974513054 0.0010000000474974513054 0.0060000000521540641785 0.048999998718500137329
0.0030000000260770320892 0.0020000000949949026108 0.1319999992847442627 0 0 0.0010000000474974513054 0.0010000000474974513054 0.0010000000474974513054 0.0010000000474974513054 0.0010000000474974513054 0.0010000000474974513054 0.0010000000474974513054 0.0010000000474974513054 0.0010000000474974513054 0.0020000000949949026108 0.0020000000949949026108 0 0.0010000000474974513054 0.0020000000949949026108 0.0010000000474974513054 0.0020000000949949026108 0.0020000000949949026108 0.0010000000474974513054 0.0010000000474974513054 0.0010000000474974513054 0.0010000000474974513054 0.0010000000474974513054 0.0020000000949949026108 0.0010000000474974513054 0.0049999998882412910461 0.0070000002160668373108 0.035000000149011611938 0 0 0.0010000000474974513054 0.0010000000474974513054 0.0010000000474974513054 0.0010000000474974513054 0.027000000700354576111
0.0010000000474974513054 0.0010000000474974513054 0.0040000001899898052216 0.0040000001899898052216 0.12899999320507049561 0 0 0.0010000000474974513054 0.0010000000474974513054 0.0010000000474974513054 0.0010000000474974513054 0.0010000000474974513054 0.0010000000474974513054 0.0010000000474974513054 0.0020000000949949026108 0 0 0 0.0010000000474974513054 0.0030000000260770320892 0.0020000000949949026108 0.0010000000474974513054 0.0010000000474974513054 0.0010000000474974513054 0.0010000000474974513054 0.0010000000474974513054 0.0010000000474974513054 0.0020000000949949026108 0.0020000000949949026108 0.0030000000260770320892 0.0040000001899898052216 0.0099999997764825820923 0.012000000104308128357 0.041999999433755874634 0 0 0 0.0010000000474974513054 0.0010000000474974513054
0.0010000000474974513054 0 0 0.0010000000474974513054 0.0010000000474974513054 0.13099999725818634033 0 0 0.0010000000474974513054 0.0010000000474974513054 0.0010000000474974513054 0.0010000000474974513054 0.0010000000474974513054 0.0010000000474974513054 0.0010000000474974513054 0.057999998331069946289 0.11200000345706939697 0 0 0.0020000000949949026108 0.0020000000949949026108 0.0020000000949949026108 0.0010000000474974513054 0.0010000000474974513054 0.0010000000474974513054 0.0020000000949949026108 0.0020000000949949026108 0.0020000000949949026108 0.0040000001899898052216 0.0040000001899898052216 0.0040000001899898052216 0.0040000001899898052216 0.0040000001899898052216 0.014000000432133674622 0.016000000759959220886 0.00899999961256980896 0.045000001788139343262 0 0
0.0020000000949949026108 0.0010000000474974513054 0.0010000000474974513054 0.0010000000474974513054 0 0.0030000000260770320892 0.0040000001899898052216 0.12800000607967376709 0 0 0.0010000000474974513054 0.0010000000474974513054 0.0010000000474974513054 0.0010000000474974513054 0.0010000000474974513054 0.0010000000474974513054 0.0030000000260770320892 0.0030000000260770320892 0.0040000001899898052216 0.0030000000260770320892 0.0010000000474974513054 0.0020000000949949026108 0.0020000000949949026108 0.0020000000949949026108 0.0020000000949949026108 0.0020000000949949026108 0.0020000000949949026108 0.0020000000949949026108 0.0030000000260770320892 0.0040000001899898052216 0.0040000001899898052216 0.0040000001899898052216 0.0040000001899898052216 0.0030000000260770320892 0.0030000000260770320892 0.0030000000260770320892 0.014999999664723873138 0.050000000745058059692 0
0.0030000000260770320892 0.0020000000949949026108 0.0020000000949949026108 0.0010000000474974513054 0.0010000000474974513054 0.0020000000949949026108 0.0010000000474974513054 0.0030000000260770320892 0.0020000000949949026108 0.067000001668930053711 0 0 0.0010000000474974513054 0.0010000000474974513054 0.0010000000474974513054 0.0010000000474974513054 0 0.0010000000474974513054 0.0010000000474974513054 0.0010000000474974513054 0.0010000000474974513054 0.0010000000474974513054 0.0020000000949949026108 0.0020000000949949026108 0.0020000000949949026108 0.0020000000949949026108 0.0020000000949949026108 0.0030000000260770320892 0.0040000001899898052216 0.0040000001899898052216 0.0040000001899898052216 0.0040000001899898052216 0.0030000000260770320892 0.0030000000260770320892 0.0030000000260770320892 0.0030000000260770320892 0.0030000000260770320892 0.018999999389052391052 0.014000000432133674622
0.0040000001899898052216 0.0030000000260770320892 0.0030000000260770320892 0.0020000000949949026108 0.0020000000949949026108 0.0020000000949949026108 0.0020000000949949026108 0.0020000000949949026108 0.0020000000949949026108 0.0020000000949949026108 0.0010000000474974513054 0.0099999997764825820923 0 0 0.0010000000474974513054 0 0.0010000000474974513054 0.0010000000474974513054 0.0010000000474974513054 0.0010000000474974513054 0.0010000000474974513054 0.0010000000474974513054 0.0020000000949949026108 0.0020000000949949026108 0.0020000000949949026108 0.0020000000949949026108 0.0020000000949949026108 0.0049999998882412910461 0.0049999998882412910461 0.0040000001899898052216 0.0040000001899898052216 0.0030000000260770320892 0.0030000000260770320892 0.0030000000260770320892 0.0030000000260770320892 0.0030000000260770320892 0.0020000000949949026108 0.0020000000949949026108 0.0020000000949949026108
0.0049999998882412910461 0.0040000001899898052216 0.0030000000260770320892 0.0030000000260770320892 0.0020000000949949026108 0.0020000000949949026108 0.0020000000949949026108 0.0020000000949949026108 0.0020000000949949026108 0.0020000000949949026108 0.0020000000949949026108 0.0020000000949949026108 0.0010000000474974513054 0.0020000000949949026108 0 0.0010000000474974513054 0.0020000000949949026108 0.0010000000474974513054 0.0020000000949949026108 0.0030000000260770320892 0.0030000000260770320892 0.0020000000949949026108 0.0020000000949949026108 0.0030000000260770320892 0.0030000000260770320892 0.0030000000260770320892 0.0040000001899898052216 0.0040000001899898052216 0.0040000001899898052216 0.0030000000260770320892 0.0030000000260770320892 0.0030000000260770320892 0.0020000000949949026108 0.0020000000949949026108 0.0020000000949949026108 0.0020000000949949026108 0.0020000000949949026108 0.0020000000949949026108 0.0020000000949949026108
0.0049999998882412910461 0.0049999998882412910461 0.0040000001899898052216 0.0040000001899898052216 0.0030000000260770320892 0.0030000000260770320892 0.0030000000260770320892 0.0030000000260770320892 0.0020000000949949026108 0.0020000000949949026108 0.0020000000949949026108 0.0020000000949949026108 0.0020000000949949026108 0.0020000000949949026108 0.0010000000474974513054 0.0010000000474974513054 0 0.0010000000474974513054 0.0080000003799796104431 0 0 0.0030000000260770320892 0.0040000001899898052216 0.0040000001899898052216 0.0040000001899898052216 0.0040000001899898052216 0.0040000001899898052216 0.0040000001899898052216 0.0030000000260770320892 0.0030000000260770320892 0.0020000000949949026108 0.0020000000949949026108 0.0020000000949949026108 0.0020000000949949026108 0.0020000000949949026108 0.0020000000949949026108 0.0020000000949949026108 0.0020000000949949026108 0.0020000000949949026108
0.013000000268220901489 0.0099999997764825820923 0.0070000002160668373108 0.0060000000521540641785 0.0049999998882412910461 0.0040000001899898052216 0.0030000000260770320892 0.0030000000260770320892 0.0030000000260770320892 0.0030000000260770320892 0.0030000000260770320892 0.0020000000949949026108 0.0020000000949949026108 0.0020000000949949026108 0.0020000000949949026108 0.0010000000474974513054 0.0010000000474974513054 0.0020000000949949026108 0 0 0.0010000000474974513054 0 0 0 0.0040000001899898052216 0.0040000001899898052216 0.0049999998882412910461 0.0030000000260770320892 0.0020000000949949026108 0.0020000000949949026108 0.0020000000949949026108 0.0020000000949949026108 0.0020000000949949026108 0.0020000000949949026108 0.0020000000949949026108 0.0020000000949949026108 0.0020000000949949026108 0.0020000000949949026108 0.0020000000949949026108
0 0.0099999997764825820923 0.014000000432133674622 0.0099999997764825820923 0.0080000003799796104431 0.0060000000521540641785 0.0049999998882412910461 0.0040000001899898052216 0.0030000000260770320892 0.0030000000260770320892 0.0030000000260770320892 0.0030000000260770320892 0.0030000000260770320892 0.0040000001899898052216 0.0010000000474974513054 0.0010000000474974513054 0.0010000000474974513054 0.0020000000949949026108 0.0020000000949949026108 0 0.0010000000474974513054 0.0010000000474974513054 0.0010000000474974513054 0.0010000000474974513054 0.0010000000474974513054 0 0.0010000000474974513054 0.0010000000474974513054 0.0010000000474974513054 0.0010000000474974513054 0.0010000000474974513054 0.0010000000474974513054 0.0020000000949949026108 0.0020000000949949026108 0.0020000000949949026108 0.0020000000949949026108 0.0020000000949949026108 0.0020000000949949026108 0.0020000000949949026108
0.0010000000474974513054 0 0 0.0099999997764825820923 0.014000000432133674622 0.010999999940395355225 0.0080000003799796104431 0.0060000000521540641785 0.0049999998882412910461 0.0040000001899898052216 0.0040000001899898052216 0.0030000000260770320892 0.0030000000260770320892 0.0040000001899898052216 0.0030000000260770320892 0.0020000000949949026108 0.0020000000949949026108 0.0020000000949949026108 0.0020000000949949026108 0.0010000000474974513054 0.0020000000949949026108 0.0010000000474974513054 0.0010000000474974513054 0.0010000000474974513054 0.0010000000474974513054 0.0010000000474974513054 0.0010000000474974513054 0.0010000000474974513054 0.0010000000474974513054 0.0010000000474974513054 0.0010000000474974513054 0.0010000000474974513054 0.0010000000474974513054 0.0010000000474974513054 0.0020000000949949026108 0.0020000000949949026108 0.0020000000949949026108 0.0020000000949949026108 0.0020000000949949026108
0.0010000000474974513054 0.0010000000474974513054 0.0010000000474974513054 0.0010000000474974513054 0 0.010999999940395355225 0.00899999961256980896 0.0080000003799796104431 0.0070000002160668373108 0.0049999998882412910461 0.0049999998882412910461 0.0040000001899898052216 0.0060000000521540641785 0.0049999998882412910461 0.0040000001899898052216 0.0030000000260770320892 0.0030000000260770320892 0.0020000000949949026108 0.0020000000949949026108 0.0020000000949949026108 0.0020000000949949026108 0.0010000000474974513054 0.0020000000949949026108 0.0010000000474974513054 0.0010000000474974513054 0.0010000000474974513054 0.0010000000474974513054 0.0010000000474974513054 0.0010000000474974513054 0.0010000000474974513054 0.0010000000474974513054 0.0010000000474974513054 0.0010000000474974513054 0.0010000000474974513054 0.0010000000474974513054 0.0010000000474974513054 0.0010000000474974513054 0.0010000000474974513054 0.0010000000474974513054
0.0010000000474974513054 0.0010000000474974513054 0.0010000000474974513054 0.0010000000474974513054 0.0010000000474974513054 0.0010000000474974513054 0.0099999997764825820923 0.014000000432133674622 0.010999999940395355225 0.020999999716877937317 0.0070000002160668373108 0.017000000923871994019 0.0040000001899898052216 0.0040000001899898052216 0.0040000001899898052216 0.0040000001899898052216 0.0030000000260770320892 0.0030000000260770320892 0.0030000000260770320892 0.0020000000949949026108 0.0020000000949949026108 0.0020000000949949026108 0.0020000000949949026108 0.0020000000949949026108 0.0010000000474974513054 0.037999998778104782104 0 0 0.0010000000474974513054 0.0010000000474974513054 0.0010000000474974513054 0.0010000000474974513054 0.0010000000474974513054 0.0010000000474974513054 0.0010000000474974513054 0.0010000000474974513054 0.0010000000474974513054 0.0010000000474974513054 0.0010000000474974513054
0.0010000000474974513054 0.0010000000474974513054 0.0010000000474974513054 0.0010000000474974513054 0.0010000000474974513054 0.0010000000474974513054 0.0010000000474974513054 0 0.017000000923871994019 0.010999999940395355225 0.00899999961256980896 0.0099999997764825820923 0.0080000003799796104431 0.0060000000521540641785 0.0049999998882412910461 0.0049999998882412910461 0.0040000001899898052216 0.0040000001899898052216 0.0030000000260770320892 0.0030000000260770320892 0.0030000000260770320892 0.0020000000949949026108 0.0020000000949949026108 0.0020000000949949026108 0.0030000000260770320892 0.0060000000521540641785 0.032999999821186065674 0 0 0.0010000000474974513054 0.0010000000474974513054 0.0010000000474974513054 0.0010000000474974513054 0.0010000000474974513054 0.0010000000474974513054 0.0010000000474974513054 0.0010000000474974513054 0.0010000000474974513054 0.0010000000474974513054
0.0010000000474974513054 0.0010000000474974513054 0.0010000000474974513054 0.0070000002160668373108 0.0060000000521540641785 0.0060000000521540641785 0.0020000000949949026108 0.010999999940395355225 0.012000000104308128357 0.0030000000260770320892 0.01799999922513961792 0.0049999998882412910461 0.0060000000521540641785 0.0060000000521540641785 0.0060000000521540641785 0.0049999998882412910461 0.0049999998882412910461 0.0040000001899898052216 0.0040000001899898052216 0.0030000000260770320892 0.0030000000260770320892 0.0030000000260770320892 0.0030000000260770320892 0.0020000000949949026108 0.0040000001899898052216 0.0040000001899898052216 0.00899999961256980896 0.041000001132488250732 0.083999998867511749268 0 0 0.0010000000474974513054 0.0010000000474974513054 0.0010000000474974513054 0.0010000000474974513054 0.0010000000474974513054 0.0010000000474974513054 0 0.0010000000474974513054
0.0010000000474974513054 0.0010000000474974513054 0.0040000001899898052216 0.0049999998882412910461 0.0049999998882412910461 0.0049999998882412910461 0.0010000000474974513054 0.0040000001899898052216 0.0030000000260770320892 0.0030000000260770320892 0.0049999998882412910461 0.0049999998882412910461 0.0060000000521540641785 0.0060000000521540641785 0.0060000000521540641785 0.0060000000521540641785 0.0049999998882412910461 0.0049999998882412910461 0.0040000001899898052216 0.0040000001899898052216 0.0040000001899898052216 0.0030000000260770320892 0.0030000000260770320892 0.0030000000260770320892 0.0030000000260770320892 0.0030000000260770320892 0.0030000000260770320892 0.01799999922513961792 0.061000000685453414917 0.092000000178813934326 0.12399999797344207764 0 0 0 0 0 0 0.0010000000474974513054 0.0030000000260770320892
0.0020000000949949026108 0.0010000000474974513054 0.0010000000474974513054 0.0010000000474974513054 0.0020000000949949026108 0.0010000000474974513054 0.0010000000474974513054 0.0030000000260770320892 0.0030000000260770320892 0.0030000000260770320892 0.0040000001899898052216 0.0049999998882412910461 0.0049999998882412910461 0.0060000000521540641785 0.0060000000521540641785 0.0060000000521540641785 0.0060000000521540641785 0.0049999998882412910461 0.0049999998882412910461 0.0040000001899898052216 0.0040000001899898052216 0.0040000001899898052216 0.0030000000260770320892 0.0030000000260770320892 0.0030000000260770320892 0.0030000000260770320892 0.0020000000949949026108 0.0020000000949949026108 0.0010000000474974513054 0.027000000700354576111 0.059000000357627868652 0.090000003576278686523 0 0.0010000000474974513054 0.0010000000474974513054 0.0010000000474974513054 0.0020000000949949026108 0.0010000000474974513054 0.010999999940395355225
