data/A1_max_inun_rr1.25.asc
ncols        423
nrows        321
xllcorner    206546.352000000014
yllcorner    287233.353999999992
cellsize     3.999000000000
NODATA_value -9999
[rows 170 to 186 of 321, columns 351 to 389 of 423]
0.21899999678134918213 0.21899999678134918213 0.0010000000474974513054 0.0040000001899898052216 0.0040000001899898052216 0.0049999998882412910461 0.0049999998882412910461 0.0060000000521540641785 0.0060000000521540641785 0.0060000000521540641785 0.0070000002160668373108 0.0070000002160668373108 0.0070000002160668373108 0.0070000002160668373108 0.0060000000521540641785 0.0060000000521540641785 0.0049999998882412910461 0.0020000000949949026108 0.0010000000474974513054 0.0010000000474974513054 0.0010000000474974513054 0.0010000000474974513054 0.0010000000474974513054 0.0010000000474974513054 0.0010000000474974513054 0.0010000000474974513054 0.0010000000474974513054 0.18500000238418579102 0.18700000643730163574 0.18799999356269836426 0.0020000000949949026108 0.0049999998882412910461 0.0060000000521540641785 0.0040000001899898052216 0.0040000001899898052216 0.0040000001899898052216 0.0060000000521540641785 0.010999999940395355225 0.012000000104308128357
0.23000000417232513428 0.22800000011920928955 0.0010000000474974513054 0.0010000000474974513054 0.0020000000949949026108 0.0020000000949949026108 0.0049999998882412910461 0.0060000000521540641785 0.0060000000521540641785 0.0070000002160668373108 0.0070000002160668373108 0.0070000002160668373108 0.0070000002160668373108 0.0070000002160668373108 0.0070000002160668373108 0.0060000000521540641785 0.0020000000949949026108 0.19900000095367431641 0.19900000095367431641 0.19900000095367431641 0.19900000095367431641 0.19900000095367431641 0.19900000095367431641 0.19900000095367431641 0.19900000095367431641 0.19900000095367431641 0.19900000095367431641 0.19400000572204589844 0.19300000369548797607 0.19200000166893005371 0.0020000000949949026108 0.0060000000521540641785 0.0070000002160668373108 0.00899999961256980896 0.0099999997764825820923 0.010999999940395355225 0.012000000104308128357 0.013000000268220901489 0.014000000432133674622
0.23999999463558197021 0.2430000007152557373 0.24899999797344207764 0.24899999797344207764 0.24899999797344207764 0.24899999797344207764 0.0010000000474974513054 0.0060000000521540641785 0.0060000000521540641785 0.0070000002160668373108 0.0070000002160668373108 0.0070000002160668373108 0.0070000002160668373108 0.0070000002160668373108 0.0070000002160668373108 0.0060000000521540641785 0.0020000000949949026108 0.19900000095367431641 0.19900000095367431641 0.19900000095367431641 0.19900000095367431641 0.19900000095367431641 0.19900000095367431641 0.19900000095367431641 0.19900000095367431641 0.19900000095367431641 0.19900000095367431641 0.19799999892711639404 0.19699999690055847168 0.19499999284744262695 0.0010000000474974513054 0.0060000000521540641785 0.0080000003799796104431 0.0099999997764825820923 0.010999999940395355225 0.012000000104308128357 0.013000000268220901489 0.014000000432133674622 0.014999999664723873138
0.24699999392032623291 0.24799999594688415527 0.24899999797344207764 0.24799999594688415527 0.24899999797344207764 0.24899999797344207764 0.24899999797344207764 0.0030000000260770320892 0.0060000000521540641785 0.0070000002160668373108 0.0070000002160668373108 0.0070000002160668373108 0.0070000002160668373108 0.0070000002160668373108 0.0070000002160668373108 0.0060000000521540641785 0.0030000000260770320892 0.19900000095367431641 0.19900000095367431641 0.19900000095367431641 0.19900000095367431641 0.19900000095367431641 0.19900000095367431641 0.19900000095367431641 0.19900000095367431641 0.19900000095367431641 0.19900000095367431641 0.19900000095367431641 0.20000000298023223877 0.20100000500679016113 0.20399999618530273438 0.0020000000949949026108 0.0080000003799796104431 0.0099999997764825820923 0.012000000104308128357 0.013000000268220901489 0.014000000432133674622 0.014999999664723873138 0.017000000923871994019
0.25200000405311584473 0.25099998712539672852 0.24799999594688415527 0.24799999594688415527 0.24899999797344207764 0.24899999797344207764 0.24899999797344207764 0.0030000000260770320892 0.0060000000521540641785 0.0070000002160668373108 0.0070000002160668373108 0.0070000002160668373108 0.0070000002160668373108 0.0070000002160668373108 0.0070000002160668373108 0.0060000000521540641785 0.0060000000521540641785 0.0020000000949949026108 0.0010000000474974513054 0.19900000095367431641 0.19900000095367431641 0.19900000095367431641 0.19900000095367431641 0.19900000095367431641 0.19900000095367431641 0.19900000095367431641 0.19900000095367431641 0.20100000500679016113 0.2020000070333480835 0.20299999415874481201 0.20399999618530273438 0.20399999618530273438 0.0049999998882412910461 0.010999999940395355225 0.012000000104308128357 0.014000000432133674622 0.014000000432133674622 0.014999999664723873138 0.016000000759959220886
0.25799998641014099121 0.25799998641014099121 0.0010000000474974513054 0.0010000000474974513054 0.0010000000474974513054 0.0020000000949949026108 0.0020000000949949026108 0.0049999998882412910461 0.0060000000521540641785 0.0070000002160668373108 0.0070000002160668373108 0.0070000002160668373108 0.0070000002160668373108 0.0070000002160668373108 0.0070000002160668373108 0.0060000000521540641785 0.0060000000521540641785 0.0049999998882412910461 0.0049999998882412910461 0.0020000000949949026108 0.0020000000949949026108 0.0010000000474974513054 0.0010000000474974513054 0.0010000000474974513054 0.0010000000474974513054 0.0010000000474974513054 0.0010000000474974513054 0.20399999618530273438 0.20399999618530273438 0.20399999618530273438 0.20499999821186065674 0.20399999618530273438 0.0049999998882412910461 0.010999999940395355225 0.013000000268220901489 0.014000000432133674622 0.014999999664723873138 0.014999999664723873138 0.016000000759959220886
0.26399999856948852539 0.26399999856948852539 0.0010000000474974513054 0.0040000001899898052216 0.0040000001899898052216 0.0040000001899898052216 0.0049999998882412910461 0.0049999998882412910461 0.0060000000521540641785 0.0060000000521540641785 0.0070000002160668373108 0.0070000002160668373108 0.0070000002160668373108 0.0070000002160668373108 0.0060000000521540641785 0.0060000000521540641785 0.0060000000521540641785 0.0060000000521540641785 0.0049999998882412910461 0.0049999998882412910461 0.0040000001899898052216 0.0040000001899898052216 0.0040000001899898052216 0.0040000001899898052216 0.0040000001899898052216 0.0030000000260770320892 0.0010000000474974513054 0.2060000002384185791 0.2060000002384185791 0.2060000002384185791 0.20399999618530273438 0.20399999618530273438 0.0049999998882412910461 0.012000000104308128357 0.013000000268220901489 0.014000000432133674622 0.014999999664723873138 0.014999999664723873138 0.0020000000949949026108
0.26800000667572021484 0.27000001072883605957 0.0010000000474974513054 0.0040000001899898052216 0.0040000001899898052216 0.0040000001899898052216 0.0049999998882412910461 0.0049999998882412910461 0.0060000000521540641785 0.0060000000521540641785 0.0060000000521540641785 0.0060000000521540641785 0.0060000000521540641785 0.0060000000521540641785 0.0060000000521540641785 0.0060000000521540641785 0.0060000000521540641785 0.0049999998882412910461 0.0049999998882412910461 0.0049999998882412910461 0.0040000001899898052216 0.0040000001899898052216 0.0040000001899898052216 0.0040000001899898052216 0.0040000001899898052216 0.0030000000260770320892 0.0010000000474974513054 0.20800000429153442383 0.20900000631809234619 0.20900000631809234619 0.0010000000474974513054 0.0040000001899898052216 0.00899999961256980896 0.012000000104308128357 0.013000000268220901489 0.014000000432133674622 0.014000000432133674622 0.0020000000949949026108 0.0020000000949949026108
0.2720000147819519043 0.27399998903274536133 0.0010000000474974513054 0.0010000000474974513054 0.0010000000474974513054 0.0010000000474974513054 0.0020000000949949026108 0.0020000000949949026108 0.0020000000949949026108 0.0020000000949949026108 0.0020000000949949026108 0.0020000000949949026108 0.0020000000949949026108 0.0020000000949949026108 0.0020000000949949026108 0.0020000000949949026108 0.0020000000949949026108 0.0020000000949949026108 0.0020000000949949026108 0.0020000000949949026108 0.0020000000949949026108 0.0010000000474974513054 0.0010000000474974513054 0.0010000000474974513054 0.0010000000474974513054 0.0010000000474974513054 0.0010000000474974513054 0.20900000631809234619 0.2129999995231628418 0.2129999995231628418 0.0020000000949949026108 0.0070000002160668373108 0.0080000003799796104431 0.0010000000474974513054 0.0010000000474974513054 0.0010000000474974513054 0.0010000000474974513054 0.0010000000474974513054 0.0010000000474974513054
0.27099999785423278809 0.26899999380111694336 0.26499998569488525391 0.26100000739097595215 0.25799998641014099121 0.25600001215934753418 0.25499999523162841797 0.25299999117851257324 0.25099998712539672852 0.24899999797344207764 0.24600000679492950439 0.24400000274181365967 0.24199999868869781494 0.23999999463558197021 0.23700000345706939697 0.23600000143051147461 0.23399999737739562988 0.23299999535083770752 0.23199999332427978516 0.23100000619888305664 0.23000000417232513428 0.22900000214576721191 0.22900000214576721191 0.22800000011920928955 0.22800000011920928955 0.22699999809265136719 0.22499999403953552246 0.21999999880790710449 0.21899999678134918213 0.21400000154972076416 0.0010000000474974513054 0.0010000000474974513054 0.0010000000474974513054 0.0010000000474974513054 0.0010000000474974513054 0.0010000000474974513054 0.0010000000474974513054 0.0010000000474974513054 0.0010000000474974513054
0.27000001072883605957 0.26399999856948852539 0.25900000333786010742 0.25900000333786010742 0.25799998641014099121 0.25600001215934753418 0.25499999523162841797 0.25299999117851257324 0.25099998712539672852 0.24899999797344207764 0.24600000679492950439 0.24400000274181365967 0.24199999868869781494 0.23999999463558197021 0.23700000345706939697 0.23600000143051147461 0.23399999737739562988 0.23299999535083770752 0.23199999332427978516 0.23100000619888305664 0.22900000214576721191 0.22900000214576721191 0.22900000214576721191 0.22800000011920928955 0.22800000011920928955 0.22699999809265136719 0.22699999809265136719 0.22599999606609344482 0.22499999403953552246 0.13899999856948852539 0.11100000143051147461 0.11100000143051147461 0.070000000298023223877 0.11100000143051147461 0.07199999690055847168 0.11100000143051147461 0.07100000232458114624 0.10000000149011611938 0.125
0.2720000147819519043 0.25799998641014099121 0.0010000000474974513054 0.0020000000949949026108 0.0020000000949949026108 0.0020000000949949026108 0.0020000000949949026108 0.0020000000949949026108 0.0030000000260770320892 0.0030000000260770320892 0.0030000000260770320892 0.0030000000260770320892 0.0030000000260770320892 0.0030000000260770320892 0.0030000000260770320892 0.0030000000260770320892 0.0030000000260770320892 0.0030000000260770320892 0.0030000000260770320892 0.0020000000949949026108 0.22900000214576721191 0.22900000214576721191 0.22900000214576721191 0.22800000011920928955 0.22800000011920928955 0.22699999809265136719 0.22699999809265136719 0.22699999809265136719 0.13699999451637268066 0.0030000000260770320892 0.0030000000260770320892 0.0030000000260770320892 0.0030000000260770320892 0.0030000000260770320892 0.0020000000949949026108 0.0020000000949949026108 0.0020000000949949026108 0.0020000000949949026108 0.0070000002160668373108
0.28900000452995300293 0.0010000000474974513054 0.0049999998882412910461 0.0049999998882412910461 0.0060000000521540641785 0.0070000002160668373108 0.0070000002160668373108 0.0070000002160668373108 0.0070000002160668373108 0.0080000003799796104431 0.0080000003799796104431 0.0080000003799796104431 0.0080000003799796104431 0.0080000003799796104431 0.00899999961256980896 0.00899999961256980896 0.00899999961256980896 0.00899999961256980896 0.00899999961256980896 0.0080000003799796104431 0.0049999998882412910461 0.0040000001899898052216 0.0040000001899898052216 0.0040000001899898052216 0.0030000000260770320892 0.0020000000949949026108 0.0010000000474974513054 0.092000000178813934326 0.0030000000260770320892 0.0030000000260770320892 0.0030000000260770320892 0.0030000000260770320892 0.0030000000260770320892 0.0020000000949949026108 0.0020000000949949026108 0.0020000000949949026108 0.0020000000949949026108 0.0010000000474974513054 0.0020000000949949026108
0.30000001192092895508 0.0020000000949949026108 0.0049999998882412910461 0.0060000000521540641785 0.0070000002160668373108 0.0070000002160668373108 0.0080000003799796104431 0.0080000003799796104431 0.0080000003799796104431 0.0080000003799796104431 0.00899999961256980896 0.00899999961256980896 0.00899999961256980896 0.00899999961256980896 0.00899999961256980896 0.0099999997764825820923 0.0099999997764825820923 0.0099999997764825820923 0.0099999997764825820923 0.0099999997764825820923 0.0099999997764825820923 0.0099999997764825820923 0.0099999997764825820923 0.0099999997764825820923 0.00899999961256980896 0.0010000000474974513054 0.0010000000474974513054 0.064000003039836883545 0.0030000000260770320892 0.0030000000260770320892 0.0020000000949949026108 0.0020000000949949026108 0.0020000000949949026108 0.0020000000949949026108 0.0020000000949949026108 0.0020000000949949026108 0.0020000000949949026108 0.0010000000474974513054 0.0010000000474974513054
0.30799999833106994629 0.0010000000474974513054 0.0020000000949949026108 0.0060000000521540641785 0.0070000002160668373108 0.0080000003799796104431 0.0080000003799796104431 0.0080000003799796104431 0.00899999961256980896 0.00899999961256980896 0.00899999961256980896 0.00899999961256980896 0.00899999961256980896 0.0099999997764825820923 0.0099999997764825820923 0.0099999997764825820923 0.0099999997764825820923 0.010999999940395355225 0.010999999940395355225 0.010999999940395355225 0.010999999940395355225 0.010999999940395355225 0.010999999940395355225 0.010999999940395355225 0.0020000000949949026108 0.0010000000474974513054 0.0010000000474974513054 0.063000001013278961182 0.0030000000260770320892 0.0020000000949949026108 0.0020000000949949026108 0.0020000000949949026108 0.0020000000949949026108 0.0020000000949949026108 0.0020000000949949026108 0.0020000000949949026108 0.0020000000949949026108 0.0010000000474974513054 0.0010000000474974513054
0.32800000905990600586 0.33700001239776611328 0.33700001239776611328 0.0030000000260770320892 0.0070000002160668373108 0.0080000003799796104431 0.0080000003799796104431 0.0080000003799796104431 0.00899999961256980896 0.00899999961256980896 0.00899999961256980896 0.00899999961256980896 0.0099999997764825820923 0.0099999997764825820923 0.0099999997764825820923 0.0099999997764825820923 0.010999999940395355225 0.010999999940395355225 0.010999999940395355225 0.012000000104308128357 0.012000000104308128357 0.012000000104308128357 0.012000000104308128357 0.0020000000949949026108 0.0020000000949949026108 0.0010000000474974513054 0.0010000000474974513054 0.063000001013278961182 0.0030000000260770320892 0.0020000000949949026108 0.0020000000949949026108 0.0020000000949949026108 0.0010000000474974513054 0.0010000000474974513054 0.0020000000949949026108 0.0020000000949949026108 0.0020000000949949026108 0.0010000000474974513054 0.0010000000474974513054
0.33399999141693115234 0.33700001239776611328 0.33700001239776611328 0.0020000000949949026108 0.0070000002160668373108 0.0080000003799796104431 0.0080000003799796104431 0.0080000003799796104431 0.00899999961256980896 0.00899999961256980896 0.00899999961256980896 0.00899999961256980896 0.0099999997764825820923 0.0099999997764825820923 0.0099999997764825820923 0.010999999940395355225 0.010999999940395355225 0.010999999940395355225 0.012000000104308128357 0.012000000104308128357 0.013000000268220901489 0.0020000000949949026108 0.0020000000949949026108 0.0020000000949949026108 0.0020000000949949026108 0.0010000000474974513054 0.0010000000474974513054 0.063000001013278961182 0.0030000000260770320892 0.0020000000949949026108 0.0020000000949949026108 0.0010000000474974513054 0.0010000000474974513054 0.0010000000474974513054 0.0010000000474974513054 0.0010000000474974513054 0.0020000000949949026108 0.0010000000474974513054 0.0010000000474974513054
