data/A1_max_inun_rr1.00.asc
ncols        423
nrows        321
xllcorner    206546.352000000014
yllcorner    287233.353999999992
cellsize     3.999000000000
NODATA_value -9999
[rows 68 to 84 of 321, columns 312 to 350 of 423]
0.37000000476837158203 0.34000000357627868652 0.31000000238418579102 0.0010000000474974513054 0.27399998903274536133 0.27500000596046447754 0.27500000596046447754 0.27500000596046447754 0.27500000596046447754 0.27500000596046447754 0.27500000596046447754 0.27500000596046447754 0.27500000596046447754 0.27500000596046447754 0.27500000596046447754 0.27500000596046447754 0.27500000596046447754 0.27500000596046447754 0.27500000596046447754 0.27500000596046447754 0.27500000596046447754 0.0010000000474974513054 0.0010000000474974513054 0.0010000000474974513054 0.27399998903274536133 0.27399998903274536133 0.27399998903274536133 0.27399998903274536133 0.27399998903274536133 0.27399998903274536133 0.27399998903274536133 0.27399998903274536133 0.0010000000474974513054 0.0030000000260770320892 0.0030000000260770320892 0.0030000000260770320892 0.0010000000474974513054 0.27399998903274536133 0.27399998903274536133
0.38499999046325683594 0.35499998927116394043 0.32499998807907104492 0.0010000000474974513054 0.27399998903274536133 0.27500000596046447754 0.27500000596046447754 0.27500000596046447754 0.27500000596046447754 0.27500000596046447754 0.27500000596046447754 0.27500000596046447754 0.27500000596046447754 0.27500000596046447754 0.27500000596046447754 0.27500000596046447754 0.27500000596046447754 0.27500000596046447754 0.27500000596046447754 0.27500000596046447754 0.27500000596046447754 0.27500000596046447754 0.27399998903274536133 0.27399998903274536133 0.27399998903274536133 0.27399998903274536133 0.27399998903274536133 0.27399998903274536133 0.27399998903274536133 0.27399998903274536133 0.0010000000474974513054 0.0010000000474974513054 0.0030000000260770320892 0.0030000000260770320892 0.0030000000260770320892 0.0010000000474974513054 0.27399998903274536133 0.27399998903274536133 0.27399998903274536133
0.40000000596046447754 0.37099999189376831055 0.34099999070167541504 0.31099998950958251953 0 0.27500000596046447754 0.27500000596046447754 0.27500000596046447754 0.27500000596046447754 0.27500000596046447754 0.27500000596046447754 0.27500000596046447754 0.27500000596046447754 0.27500000596046447754 0.27500000596046447754 0.27500000596046447754 0.27500000596046447754 0.27500000596046447754 0.27500000596046447754 0.27500000596046447754 0.27500000596046447754 0.0010000000474974513054 0.0010000000474974513054 0.0010000000474974513054 0.27399998903274536133 0.27399998903274536133 0.27399998903274536133 0.27399998903274536133 0.27399998903274536133 0.0010000000474974513054 0.0030000000260770320892 0.0030000000260770320892 0.0040000001899898052216 0.0030000000260770320892 0.0010000000474974513054 0.27399998903274536133 0.27399998903274536133 0.27399998903274536133 0.27399998903274536133
0.41600000858306884766 0.38600000739097595215 0 0 0 0.27500000596046447754 0.27500000596046447754 0.27500000596046447754 0.27500000596046447754 0.27500000596046447754 0.27500000596046447754 0.27500000596046447754 0.27500000596046447754 0.27500000596046447754 0.27500000596046447754 0.27500000596046447754 0.27500000596046447754 0.27500000596046447754 0.27500000596046447754 0.27500000596046447754 0.27500000596046447754 0.0010000000474974513054 0.0030000000260770320892 0.0030000000260770320892 0.0010000000474974513054 0.27399998903274536133 0.27399998903274536133 0.27399998903274536133 0.27399998903274536133 0.0010000000474974513054 0.0030000000260770320892 0.0030000000260770320892 0.0030000000260770320892 0.0010000000474974513054 0.27399998903274536133 0.27399998903274536133 0.27399998903274536133 0.27399998903274536133 0.27399998903274536133
0 0.40099999308586120605 0.37099999189376831055 0.0010000000474974513054 0 0.28299999237060546875 0.27500000596046447754 0.27500000596046447754 0.27500000596046447754 0.27500000596046447754 0.27500000596046447754 0.27500000596046447754 0.27500000596046447754 0.27500000596046447754 0.27500000596046447754 0.27500000596046447754 0.27500000596046447754 0.27500000596046447754 0.27500000596046447754 0.27500000596046447754 0.0010000000474974513054 0.0030000000260770320892 0.0040000001899898052216 0.0040000001899898052216 0.0010000000474974513054 0.27399998903274536133 0.27399998903274536133 0.27399998903274536133 0.27399998903274536133 0.0010000000474974513054 0.0030000000260770320892 0.0030000000260770320892 0.0010000000474974513054 0.27399998903274536133 0.27399998903274536133 0.27399998903274536133 0.27399998903274536133 0.27399998903274536133 0.27399998903274536133
0 0.41699999570846557617 0.38699999451637268066 0.0010000000474974513054 0.0010000000474974513054 0 0.27500000596046447754 0.27500000596046447754 0.27500000596046447754 0.27500000596046447754 0.27500000596046447754 0.27500000596046447754 0.27500000596046447754 0.27500000596046447754 0.27500000596046447754 0.27500000596046447754 0.27500000596046447754 0.27500000596046447754 0.27500000596046447754 0.27500000596046447754 0.27500000596046447754 0.0010000000474974513054 0.0040000001899898052216 0.0040000001899898052216 0.0020000000949949026108 0.27399998903274536133 0.27399998903274536133 0.27399998903274536133 0.27399998903274536133 0.27399998903274536133 0.0010000000474974513054 0.0010000000474974513054 0.27399998903274536133 0.27399998903274536133 0.27399998903274536133 0.27399998903274536133 0.27399998903274536133 0.27399998903274536133 0.27399998903274536133
0.46200001239776611328 0.43200001120567321777 0.40200001001358032227 0.0010000000474974513054 0.0010000000474974513054 0 0.28400000929832458496 0.27500000596046447754 0.27500000596046447754 0.27500000596046447754 0.27500000596046447754 0.27500000596046447754 0.27500000596046447754 0.27500000596046447754 0.27500000596046447754 0.27500000596046447754 0.27500000596046447754 0.27500000596046447754 0.27500000596046447754 0.27500000596046447754 0.27500000596046447754 0.0010000000474974513054 0.0040000001899898052216 0.0040000001899898052216 0.0040000001899898052216 0.0010000000474974513054 0.27399998903274536133 0.27399998903274536133 0.27399998903274536133 0.27399998903274536133 0 0.27399998903274536133 0.27399998903274536133 0.27399998903274536133 0.27399998903274536133 0.27399998903274536133 0.27399998903274536133 0.27399998903274536133 0.27399998903274536133
0.47699999809265136719 0.44699999690055847168 0.41800001263618469238 0.0010000000474974513054 0.0010000000474974513054 0 0.29899999499320983887 0.27500000596046447754 0.27500000596046447754 0.27500000596046447754 0.27500000596046447754 0.27500000596046447754 0.27500000596046447754 0.27500000596046447754 0.27500000596046447754 0.27500000596046447754 0.27500000596046447754 0.27500000596046447754 0.27500000596046447754 0.27500000596046447754 0.27500000596046447754 0.0010000000474974513054 0.0040000001899898052216 0.0040000001899898052216 0.0040000001899898052216 0.0010000000474974513054 0.27399998903274536133 0.27399998903274536133 0.27399998903274536133 0.27399998903274536133 0.27399998903274536133 0.27399998903274536133 0.27399998903274536133 0.27399998903274536133 0.27399998903274536133 0.27399998903274536133 0.27399998903274536133 0.27399998903274536133 0.27399998903274536133
0.4930000007152557373 0 0.43299999833106994629 0.40299999713897705078 0.0010000000474974513054 0 0.31400001049041748047 0.28499999642372131348 0.27500000596046447754 0.27500000596046447754 0.27500000596046447754 0.27500000596046447754 0.27500000596046447754 0.27500000596046447754 0.27500000596046447754 0.27500000596046447754 0.27500000596046447754 0.27500000596046447754 0.27500000596046447754 0.27500000596046447754 0.27500000596046447754 0.0010000000474974513054 0.0040000001899898052216 0.0040000001899898052216 0.0040000001899898052216 0.0010000000474974513054 0.27399998903274536133 0.27399998903274536133 0.27399998903274536133 0.27399998903274536133 0.27399998903274536133 0.27399998903274536133 0.27399998903274536133 0.27399998903274536133 0.27399998903274536133 0.27399998903274536133 0.27399998903274536133 0.27399998903274536133 0.27399998903274536133
0 0 0.44800001382827758789 0.41800001263618469238 0.0010000000474974513054 0 0.33000001311302185059 0.30000001192092895508 0.27500000596046447754 0.27500000596046447754 0.27500000596046447754 0.27500000596046447754 0.27500000596046447754 0.27500000596046447754 0.27399998903274536133 0.27399998903274536133 0.27399998903274536133 0.27500000596046447754 0.27500000596046447754 0.27500000596046447754 0.27500000596046447754 0.27500000596046447754 0.0020000000949949026108 0.0040000001899898052216 0.0040000001899898052216 0.0010000000474974513054 0.27399998903274536133 0.27399998903274536133 0.27399998903274536133 0.27399998903274536133 0.27399998903274536133 0.27399998903274536133 0.27399998903274536133 0.27399998903274536133 0.27399998903274536133 0.27399998903274536133 0.27399998903274536133 0.27399998903274536133 0
0.0010000000474974513054 0 0.46399998664855957031 0.4339999854564666748 0.0010000000474974513054 0.0010000000474974513054 0 0.31499999761581420898 0.28600001335144042969 0.27500000596046447754 0.27500000596046447754 0.27500000596046447754 0.27399998903274536133 0.27399998903274536133 0.27399998903274536133 0.27399998903274536133 0.27399998903274536133 0.27399998903274536133 0.27500000596046447754 0.27500000596046447754 0.27500000596046447754 0.27500000596046447754 0.0010000000474974513054 0.0030000000260770320892 0.0030000000260770320892 0.0010000000474974513054 0 0.27399998903274536133 0.27399998903274536133 0.27399998903274536133 0.27399998903274536133 0.27399998903274536133 0.27399998903274536133 0.27399998903274536133 0.27399998903274536133 0.27399998903274536133 0.27399998903274536133 0 0
0.0010000000474974513054 0 0.47900000214576721191 0.44999998807907104492 0.0010000000474974513054 0.0010000000474974513054 0 0.3310000002384185791 0.30099999904632568359 0.27500000596046447754 0.27500000596046447754 0.27399998903274536133 0.27399998903274536133 0.27399998903274536133 0.27399998903274536133 0.27399998903274536133 0.27399998903274536133 0.27399998903274536133 0.27399998903274536133 0.27500000596046447754 0.27500000596046447754 0.27500000596046447754 0.0010000000474974513054 0.0010000000474974513054 0.0010000000474974513054 0.27500000596046447754 0.27500000596046447754 0.27500000596046447754 0.27399998903274536133 0.27399998903274536133 0.27399998903274536133 0.27399998903274536133 0.27399998903274536133 0.27399998903274536133 0.27399998903274536133 0.27399998903274536133 0 0 0.27399998903274536133
0.0010000000474974513054 0.0010000000474974513054 0 0.46500000357627868652 0.0010000000474974513054 0.0010000000474974513054 0 0.34599998593330383301 0.3160000145435333252 0.2870000004768371582 0.27399998903274536133 0.27399998903274536133 0.27399998903274536133 0.27399998903274536133 0.27399998903274536133 0.27399998903274536133 0.27399998903274536133 0.27399998903274536133 0.27399998903274536133 0.27500000596046447754 0.27500000596046447754 0.27500000596046447754 0.27500000596046447754 0.27399998903274536133 0.27399998903274536133 0.27500000596046447754 0.27500000596046447754 0.27500000596046447754 0.27500000596046447754 0.27399998903274536133 0.27399998903274536133 0.27399998903274536133 0.27399998903274536133 0.27399998903274536133 0.27399998903274536133 0 0.27399998903274536133 0.27399998903274536133 0.27399998903274536133
0.0010000000474974513054 0.0010000000474974513054 0 0.48100000619888305664 0.45100000500679016113 0.0010000000474974513054 0 0.36199998855590820312 0.33199998736381530762 0.30199998617172241211 0.27399998903274536133 0.27399998903274536133 0.27399998903274536133 0.27399998903274536133 0.27399998903274536133 0.27399998903274536133 0.27399998903274536133 0.27399998903274536133 0.27399998903274536133 0.27399998903274536133 0.27500000596046447754 0.27500000596046447754 0.27500000596046447754 0.27500000596046447754 0.27500000596046447754 0.27500000596046447754 0.27500000596046447754 0.27500000596046447754 0.27500000596046447754 0.27500000596046447754 0.27399998903274536133 0.27399998903274536133 0.27399998903274536133 0.27399998903274536133 0.27399998903274536133 0.27399998903274536133 0.27399998903274536133 0.27399998903274536133 0.27399998903274536133
0.0010000000474974513054 0.0010000000474974513054 0 0.49599999189376831055 0.46599999070167541504 0.0010000000474974513054 0.0010000000474974513054 0 0.34700000286102294922 0.31700000166893005371 0.28799998760223388672 0.27399998903274536133 0.27399998903274536133 0.27399998903274536133 0.27399998903274536133 0.27399998903274536133 0.27399998903274536133 0.27399998903274536133 0.27399998903274536133 0.27399998903274536133 0.27500000596046447754 0.27500000596046447754 0.27500000596046447754 0.27500000596046447754 0.27500000596046447754 0.27500000596046447754 0.27500000596046447754 0.27500000596046447754 0.27500000596046447754 0.27500000596046447754 0.27399998903274536133 0.27399998903274536133 0.27399998903274536133 0.27399998903274536133 0.27399998903274536133 0.27399998903274536133 0.27399998903274536133 0.27399998903274536133 0.27399998903274536133
0.0010000000474974513054 0.0010000000474974513054 0 0.51099997758865356445 0.48199999332427978516 0.0010000000474974513054 0.0010000000474974513054 0 0.36300000548362731934 0.33300000429153442383 0.30300000309944152832 0.27399998903274536133 0.27399998903274536133 0.27399998903274536133 0.27399998903274536133 0.27399998903274536133 0.27399998903274536133 0.27399998903274536133 0.27500000596046447754 0.27500000596046447754 0.27500000596046447754 0.27500000596046447754 0.27500000596046447754 0.27500000596046447754 0.27500000596046447754 0.27500000596046447754 0.27500000596046447754 0.27500000596046447754 0.27500000596046447754 0.27500000596046447754 0.27399998903274536133 0.27399998903274536133 0.27399998903274536133 0.27399998903274536133 0.27399998903274536133 0.27399998903274536133 0.27399998903274536133 0 0.27399998903274536133
0.0010000000474974513054 0.0010000000474974513054 0.55599999427795410156 0.52700001001358032227 0.49700000882148742676 0.0010000000474974513054 0.0010000000474974513054 0 0.37799999117851257324 0.34799998998641967773 0.31799998879432678223 0.28900000452995300293 0.27500000596046447754 0.27399998903274536133 0.27500000596046447754 0.27500000596046447754 0.27500000596046447754 0.27500000596046447754 0.27500000596046447754 0.27500000596046447754 0.27500000596046447754 0.27500000596046447754 0.27500000596046447754 0.27500000596046447754 0.27500000596046447754 0.27500000596046447754 0.27500000596046447754 0.27500000596046447754 0.27500000596046447754 0.27399998903274536133 0.27399998903274536133 0.27399998903274536133 0.27399998903274536133 0.27399998903274536133 0.27399998903274536133 0.27399998903274536133 0.0010000000474974513054 0.0020000000949949026108 0.0010000000474974513054
