data/A1_max_inun_rr1.00.asc
ncols        423
nrows        321
xllcorner    206546.352000000014
yllcorner    287233.353999999992
cellsize     3.999000000000
NODATA_value -9999
[rows 0 to 16 of 321, columns 195 to 233 of 423]
0.10899999737739562988 0.14200000464916229248 0.17599999904632568359 0.20900000631809234619 0.2430000007152557373 0.27399998903274536133 0.27399998903274536133 0.27399998903274536133 0.27399998903274536133 0.27399998903274536133 0.0010000000474974513054 0.0010000000474974513054 0.0010000000474974513054 0.0010000000474974513054 0.27399998903274536133 0 0.27399998903274536133 0.27399998903274536133 0.27399998903274536133 0.27399998903274536133 0.27399998903274536133 0.27399998903274536133 0.27399998903274536133 0.27399998903274536133 0.27399998903274536133 0.27399998903274536133 0.27399998903274536133 0.27399998903274536133 0.27399998903274536133 0.73799997568130493164 1.3519999980926513672 2.0109999179840087891 2.3150000572204589844 2.3559999465942382812 2.3970000743865966797 2.4379999637603759766 0.0010000000474974513054 0.0010000000474974513054 2.5610001087188720703
0 0 0 0 0.0010000000474974513054 0.27399998903274536133 0.27399998903274536133 0.27399998903274536133 0.27399998903274536133 0.27399998903274536133 0.27399998903274536133 0.27399998903274536133 0.27399998903274536133 0.27399998903274536133 0.27399998903274536133 0.27399998903274536133 0.27399998903274536133 0.27399998903274536133 0.27399998903274536133 0.27399998903274536133 0.27399998903274536133 0.27399998903274536133 0.27399998903274536133 0.27399998903274536133 0.27399998903274536133 0.27399998903274536133 0.27399998903274536133 0.27399998903274536133 0.27399998903274536133 0.88099998235702514648 1.4960000514984130859 2.1310000419616699219 2.1719999313354492188 0.0010000000474974513054 2.2539999485015869141 0.0010000000474974513054 0.0010000000474974513054 0.0010000000474974513054 0.0020000000949949026108
0.0010000000474974513054 0.0010000000474974513054 0.0010000000474974513054 0.0049999998882412910461 0.0010000000474974513054 0.27399998903274536133 0.27399998903274536133 0.27399998903274536133 0.27399998903274536133 0.27399998903274536133 0.27399998903274536133 0.27399998903274536133 0.27399998903274536133 0.27399998903274536133 0.27399998903274536133 0.27399998903274536133 0.27399998903274536133 0.27399998903274536133 0.27399998903274536133 0.27399998903274536133 0.27399998903274536133 0.27399998903274536133 0.27399998903274536133 0.27399998903274536133 0.27399998903274536133 0.27399998903274536133 0.0010000000474974513054 0.0010000000474974513054 0.0010000000474974513054 0 0 0.0010000000474974513054 0.0020000000949949026108 0.0010000000474974513054 0.0010000000474974513054 0.0010000000474974513054 0.0010000000474974513054 0.0010000000474974513054 0.0010000000474974513054
0.0010000000474974513054 0.0010000000474974513054 0.0020000000949949026108 0.0010000000474974513054 0.0010000000474974513054 0.27399998903274536133 0.27399998903274536133 0.27399998903274536133 0.27399998903274536133 0.27399998903274536133 0.27399998903274536133 0.27399998903274536133 0.27399998903274536133 0.27399998903274536133 0.27399998903274536133 0.27399998903274536133 0.27399998903274536133 0.27399998903274536133 0.27399998903274536133 0.27399998903274536133 0.27399998903274536133 0.27399998903274536133 0.27399998903274536133 0.27399998903274536133 0.0010000000474974513054 0.0010000000474974513054 0.0020000000949949026108 0.0010000000474974513054 0.0010000000474974513054 0.0010000000474974513054 0.0020000000949949026108 0.0020000000949949026108 0.0010000000474974513054 0.0010000000474974513054 0.0010000000474974513054 0.0010000000474974513054 0.0010000000474974513054 0.0010000000474974513054 0.0010000000474974513054
0.27399998903274536133 0.27399998903274536133 0.27399998903274536133 0.27399998903274536133 0.27399998903274536133 0.27399998903274536133 0.27399998903274536133 0.27399998903274536133 0.27399998903274536133 0.27399998903274536133 0.27399998903274536133 0.27399998903274536133 0.27399998903274536133 0.27399998903274536133 0.27399998903274536133 0.27399998903274536133 0.27399998903274536133 0.0010000000474974513054 0.0010000000474974513054 0.0010000000474974513054 0.27399998903274536133 0.27399998903274536133 0.27399998903274536133 0.27399998903274536133 0.0010000000474974513054 0.0030000000260770320892 0.0030000000260770320892 0.0010000000474974513054 0.0010000000474974513054 0.0010000000474974513054 0.0010000000474974513054 0.0010000000474974513054 0.0010000000474974513054 1.7829999923706054688 1.8240000009536743164 1.8650000095367431641 1.9060000181198120117 0 0
0.27399998903274536133 0.27399998903274536133 0.27399998903274536133 0.27399998903274536133 0.27399998903274536133 0.27399998903274536133 0.27399998903274536133 0.27399998903274536133 0.27399998903274536133 0.27399998903274536133 0.27399998903274536133 0.27399998903274536133 0.0010000000474974513054 0.0010000000474974513054 0.0010000000474974513054 0.0010000000474974513054 0.0010000000474974513054 0.0020000000949949026108 0.0020000000949949026108 0.0010000000474974513054 0.27399998903274536133 0.27399998903274536133 0.27399998903274536133 0.27399998903274536133 0.0010000000474974513054 0.0020000000949949026108 0.0010000000474974513054 0.0010000000474974513054 0.0010000000474974513054 0.0010000000474974513054 1.5169999599456787109 1.5579999685287475586 1.5989999771118164062 1.6399999856948852539 1.6799999475479125977 1.7209999561309814453 1.761999964714050293 1.8040000200271606445 1.8459999561309814453
0.27399998903274536133 0.27399998903274536133 0.27399998903274536133 0.27399998903274536133 0.27399998903274536133 0.27399998903274536133 0.27399998903274536133 0.27399998903274536133 0.0010000000474974513054 0.0010000000474974513054 0.0010000000474974513054 0.0010000000474974513054 0.0020000000949949026108 0.0030000000260770320892 0.0030000000260770320892 0.0030000000260770320892 0.0020000000949949026108 0.0010000000474974513054 0.0010000000474974513054 0.0010000000474974513054 0.27399998903274536133 0.27399998903274536133 0.27399998903274536133 0.27399998903274536133 0.0010000000474974513054 0.0010000000474974513054 0.27399998903274536133 0.36899998784065246582 0.98400002717971801758 1.3329999446868896484 1.3739999532699584961 1.4140000343322753906 1.4550000429153442383 1.4960000514984130859 1.5369999408721923828 1.5779999494552612305 1.620000004768371582 1.6629999876022338867 1.7050000429153442383
0.27399998903274536133 0.27399998903274536133 0.27399998903274536133 0.0010000000474974513054 0.0010000000474974513054 0.0010000000474974513054 0.0010000000474974513054 0.0010000000474974513054 0.0020000000949949026108 0.0020000000949949026108 0.0020000000949949026108 0.0020000000949949026108 0.0010000000474974513054 0.0010000000474974513054 0.0010000000474974513054 0.0010000000474974513054 0.0010000000474974513054 0.27399998903274536133 0.27399998903274536133 0.27399998903274536133 0.27399998903274536133 0.27399998903274536133 0.27399998903274536133 0.27399998903274536133 0.27399998903274536133 0.27399998903274536133 0.27399998903274536133 0.51200002431869506836 1.1480000019073486328 1.1890000104904174805 1.2300000190734863281 1.2710000276565551758 1.3120000362396240234 1.3530000448226928711 1.3949999809265136719 1.4370000362396240234 1.4789999723434448242 1.5210000276565551758 1.5629999637603759766
0.27399998903274536133 0.27399998903274536133 0.27399998903274536133 0.0010000000474974513054 0.0020000000949949026108 0.0020000000949949026108 0.0020000000949949026108 0.0020000000949949026108 0.0010000000474974513054 0.0010000000474974513054 0.0010000000474974513054 0.0010000000474974513054 0.27399998903274536133 0.27399998903274536133 0.27399998903274536133 0.27399998903274536133 0.27399998903274536133 0.27399998903274536133 0.27399998903274536133 0.27399998903274536133 0.27399998903274536133 0.27399998903274536133 0.27399998903274536133 0.27399998903274536133 0.27399998903274536133 0.27399998903274536133 0.27399998903274536133 0.65600001811981201172 1.004999995231628418 1.0460000038146972656 1.0870000123977661133 1.1280000209808349609 1.1690000295639038086 1.2109999656677246094 1.2530000209808349609 1.2949999570846557617 1.3380000591278076172 1.379999995231628418 1.4220000505447387695
0.27399998903274536133 0.27399998903274536133 0.27399998903274536133 0.27399998903274536133 0.0010000000474974513054 0.0010000000474974513054 0.0010000000474974513054 0.0010000000474974513054 0.27399998903274536133 0.27399998903274536133 0.27399998903274536133 0.27399998903274536133 0.27399998903274536133 0.27399998903274536133 0.27399998903274536133 0.27399998903274536133 0.27399998903274536133 0.27399998903274536133 0.0010000000474974513054 0.0010000000474974513054 0.0010000000474974513054 0.27399998903274536133 0.27399998903274536133 0.27399998903274536133 0.27399998903274536133 0.27399998903274536133 0.27399998903274536133 0.81999999284744262695 0.86199998855590820312 0.90299999713897705078 0.94400000572204589844 0.98500001430511474609 1.0269999504089355469 1.0700000524520874023 1.1119999885559082031 1.1540000438690185547 1.1959999799728393555 1.2389999628067016602 1.2810000181198120117
0.27399998903274536133 0.27399998903274536133 0.27399998903274536133 0.27399998903274536133 0.27399998903274536133 0.27399998903274536133 0.27399998903274536133 0.27399998903274536133 0.27399998903274536133 0.27399998903274536133 0.27399998903274536133 0.27399998903274536133 0.27399998903274536133 0.27399998903274536133 0.0010000000474974513054 0.0020000000949949026108 0.0020000000949949026108 0.0020000000949949026108 0.0049999998882412910461 0.0040000001899898052216 0.0010000000474974513054 0.27399998903274536133 0.27399998903274536133 0.27399998903274536133 0.27399998903274536133 0.27399998903274536133 0.32800000905990600586 0.67799997329711914062 0.71799999475479125977 0.75900000333786010742 0.80199998617172241211 0.84399998188018798828 0.88599997758865356445 0.92799997329711914062 0.9710000157356262207 1.0130000114440917969 1.0549999475479125977 1.0970000028610229492 1.1390000581741333008
0.27399998903274536133 0.27399998903274536133 0.27399998903274536133 0.27399998903274536133 0.27399998903274536133 0.27399998903274536133 0.27399998903274536133 0.27399998903274536133 0.27399998903274536133 0.27399998903274536133 0.27399998903274536133 0.0010000000474974513054 0.0010000000474974513054 0.0020000000949949026108 0.0049999998882412910461 0.0049999998882412910461 0.0060000000521540641785 0.0060000000521540641785 0.0060000000521540641785 0.0049999998882412910461 0.0020000000949949026108 0.27399998903274536133 0.27399998903274536133 0.27399998903274536133 0.27399998903274536133 0.27399998903274536133 0.4779999852180480957 0.53399997949600219727 0.57599997520446777344 0.61799997091293334961 0.66000002622604370117 0.70300000905990600586 0.74500000476837158203 0.7870000004768371582 0.82899999618530273438 0.87099999189376831055 0.91399997472763061523 0.95599997043609619141 0.99800002574920654297
0.27399998903274536133 0.27399998903274536133 0.27399998903274536133 0.27399998903274536133 0.27399998903274536133 0.27399998903274536133 0.27399998903274536133 0.27399998903274536133 0.27399998903274536133 0.27399998903274536133 0.27399998903274536133 0.0010000000474974513054 0.0040000001899898052216 0.0049999998882412910461 0.0060000000521540641785 0.0060000000521540641785 0.0060000000521540641785 0.0060000000521540641785 0.0060000000521540641785 0.0060000000521540641785 0.0049999998882412910461 0.0010000000474974513054 0.27399998903274536133 0.27399998903274536133 0.27399998903274536133 0.27399998903274536133 0.34999999403953552246 0.39199998974800109863 0.43500000238418579102 0.47699999809265136719 0 0.0010000000474974513054 0.0010000000474974513054 0.0010000000474974513054 0.68800002336502075195 0.73000001907348632812 0.7720000147819519043 0.81400001049041748047 0.85699999332427978516
0.27399998903274536133 0.27399998903274536133 0.27399998903274536133 0.27399998903274536133 0.27399998903274536133 0.27399998903274536133 0.27399998903274536133 0.27399998903274536133 0.27399998903274536133 0.27399998903274536133 0.27399998903274536133 0.0010000000474974513054 0.0049999998882412910461 0.0060000000521540641785 0.0060000000521540641785 0.0060000000521540641785 0.0060000000521540641785 0.0060000000521540641785 0.0060000000521540641785 0.0060000000521540641785 0.0060000000521540641785 0.0020000000949949026108 0.27399998903274536133 0.27399998903274536133 0.27399998903274536133 0.27399998903274536133 0.20999999344348907471 0.25099998712539672852 0.29300001263618469238 0.33500000834465026855 0 0.0010000000474974513054 0.0010000000474974513054 0.0010000000474974513054 0.54600000381469726562 0.58899998664855957031 0.63099998235702514648 0.67299997806549072266 0.71499997377395629883
0.27399998903274536133 0.27399998903274536133 0.27399998903274536133 0.27399998903274536133 0.27399998903274536133 0.27399998903274536133 0.27399998903274536133 0.27399998903274536133 0.27399998903274536133 0.27399998903274536133 0.27399998903274536133 0.27399998903274536133 0.0020000000949949026108 0.0060000000521540641785 0.0060000000521540641785 0.0060000000521540641785 0.0070000002160668373108 0.0070000002160668373108 0.0060000000521540641785 0.0060000000521540641785 0.0060000000521540641785 0.0020000000949949026108 0.27399998903274536133 0.27399998903274536133 0.27399998903274536133 0.27099999785423278809 0.10199999809265136719 0.11100000143051147461 0.15199999511241912842 0.19400000572204589844 0 0.0010000000474974513054 0.0010000000474974513054 0.0010000000474974513054 0.40500000119209289551 0.44699999690055847168 0.48899999260902404785 0.53200000524520874023 0.57400000095367431641
0.27399998903274536133 0.27399998903274536133 0.27399998903274536133 0.27399998903274536133 0.27399998903274536133 0.27399998903274536133 0.27399998903274536133 0.27399998903274536133 0.27399998903274536133 0.27399998903274536133 0.27399998903274536133 0.27399998903274536133 0.0020000000949949026108 0.0060000000521540641785 0.0060000000521540641785 0.0070000002160668373108 0.0070000002160668373108 0.0070000002160668373108 0.0070000002160668373108 0.0060000000521540641785 0.0060000000521540641785 0.0030000000260770320892 0.27399998903274536133 0.27399998903274536133 0.27399998903274536133 0.22699999809265136719 0.03599999845027923584 0.0030000000260770320892 0.012000000104308128357 0.052999999374151229858 0 0 0 0.22200000286102294922 0.26399999856948852539 0.30599999427795410156 0.34799998998641967773 0.38999998569488525391 0.43299999833106994629
0.27399998903274536133 0.27399998903274536133 0.27399998903274536133 0.27399998903274536133 0.27399998903274536133 0.27399998903274536133 0.27399998903274536133 0.27399998903274536133 0.27399998903274536133 0.27399998903274536133 0.27399998903274536133 0.27399998903274536133 0.0020000000949949026108 0.0060000000521540641785 0.0060000000521540641785 0.0070000002160668373108 0.0070000002160668373108 0.0070000002160668373108 0.0070000002160668373108 0.0070000002160668373108 0.0060000000521540641785 0.0049999998882412910461 0.0010000000474974513054 0.27399998903274536133 0.27399998903274536133 0.18299999833106994629 0.0010000000474974513054 0 0.0010000000474974513054 0.0010000000474974513054 0.0020000000949949026108 0.0040000001899898052216 0.037999998778104782104 0.079999998211860656738 0.12200000137090682983 0.16500000655651092529 0.20700000226497650146 0.24899999797344207764 0.29100000858306884766
