data/A1_max_inun_rr1.25.asc
ncols        423
nrows        321
xllcorner    206546.352000000014
yllcorner    287233.353999999992
cellsize     3.999000000000
NODATA_value -9999
[rows 119 to 135 of 321, columns 39 to 77 of 423]
0.065999999642372131348 0.061000000685453414917 0.054999999701976776123 0.041000001132488250732 0.03599999845027923584 0.035000000149011611938 0.035000000149011611938 0.035000000149011611938 0.035000000149011611938 0.035000000149011611938 0.035000000149011611938 0.03599999845027923584 0.03599999845027923584 0.03599999845027923584 0.03599999845027923584 0.03599999845027923584 0.037000000476837158203 0.037000000476837158203 0.037000000476837158203 0.037000000476837158203 0.037000000476837158203 0.037000000476837158203 0.037000000476837158203 0.037000000476837158203 0.037000000476837158203 0.037000000476837158203 0.037000000476837158203 0.037000000476837158203 0.03599999845027923584 0.043999999761581420898 0.068000003695487976074 0.065999999642372131348 0.061999998986721038818 0.097999997437000274658 0.15000000596046447754 0.20399999618530273438 0.0010000000474974513054 0.0010000000474974513054 0.0010000000474974513054
0.064999997615814208984 0.061000000685453414917 0.054999999701976776123 0.043999999761581420898 0.034000001847743988037 0.034000001847743988037 0.032999999821186065674 0.032999999821186065674 0.032999999821186065674 0.034000001847743988037 0.034000001847743988037 0.034000001847743988037 0.034000001847743988037 0.034000001847743988037 0.034000001847743988037 0.034000001847743988037 0.034000001847743988037 0.034000001847743988037 0.034000001847743988037 0.034000001847743988037 0.034000001847743988037 0.034000001847743988037 0.034000001847743988037 0.035000000149011611938 0.035000000149011611938 0.035000000149011611938 0.035000000149011611938 0.035000000149011611938 0.035000000149011611938 0.037000000476837158203 0.045000001788139343262 0.059000000357627868652 0.048000000417232513428 0.083999998867511749268 0.13600000739097595215 0.18899999558925628662 0 0.0010000000474974513054 0.0010000000474974513054
0.064999997615814208984 0.061000000685453414917 0.056000001728534698486 0.046999998390674591064 0.030999999493360519409 0.032000001519918441772 0.032000001519918441772 0.032999999821186065674 0.032999999821186065674 0.032999999821186065674 0.032999999821186065674 0.032999999821186065674 0.032999999821186065674 0.032999999821186065674 0.032999999821186065674 0.032999999821186065674 0.032999999821186065674 0.032999999821186065674 0.032999999821186065674 0.032999999821186065674 0.032999999821186065674 0.032999999821186065674 0.032999999821186065674 0.032999999821186065674 0.032999999821186065674 0.032999999821186065674 0.032999999821186065674 0.032999999821186065674 0.032999999821186065674 0.034000001847743988037 0.037999998778104782104 0.043999999761581420898 0.037000000476837158203 0.068000003695487976074 0.11699999868869781494 0.16799999773502349854 0 0.0010000000474974513054 0.0010000000474974513054
0.064999997615814208984 0.061000000685453414917 0.056000001728534698486 0.048999998718500137329 0.030999999493360519409 0.032000001519918441772 0.032000001519918441772 0.032000001519918441772 0.032000001519918441772 0.032000001519918441772 0.032000001519918441772 0.032000001519918441772 0.032000001519918441772 0.032000001519918441772 0.032000001519918441772 0.032000001519918441772 0.032000001519918441772 0.032000001519918441772 0.032000001519918441772 0.032000001519918441772 0.032000001519918441772 0.032000001519918441772 0.032000001519918441772 0.032000001519918441772 0.032000001519918441772 0.032000001519918441772 0.032000001519918441772 0.032000001519918441772 0.032000001519918441772 0.032999999821186065674 0.032999999821186065674 0.03599999845027923584 0.03599999845027923584 0.048000000417232513428 0.090999998152256011963 0.12700000405311584473 0.14900000393390655518 0 0.041000001132488250732
0.064999997615814208984 0.061000000685453414917 0.057000000029802322388 0.050000000745058059692 0.032999999821186065674 0.032999999821186065674 0.032999999821186065674 0.032000001519918441772 0.032000001519918441772 0.032000001519918441772 0.032000001519918441772 0.032000001519918441772 0.032000001519918441772 0.032000001519918441772 0.032000001519918441772 0.032000001519918441772 0.030999999493360519409 0.030999999493360519409 0.030999999493360519409 0.030999999493360519409 0.030999999493360519409 0.030999999493360519409 0.032000001519918441772 0.032000001519918441772 0.032000001519918441772 0.032000001519918441772 0.032000001519918441772 0.032000001519918441772 0.032000001519918441772 0.032000001519918441772 0.032000001519918441772 0.032999999821186065674 0.032999999821186065674 0.032999999821186065674 0.065999999642372131348 0.097999997437000274658 0.11400000005960464478 0.085000000894069671631 0.070000000298023223877
0.064999997615814208984 0.061999998986721038818 0.057000000029802322388 0.050000000745058059692 0.03599999845027923584 0.032999999821186065674 0.032999999821186065674 0.032000001519918441772 0.032000001519918441772 0.032000001519918441772 0.032000001519918441772 0.030999999493360519409 0.030999999493360519409 0.030999999493360519409 0.030999999493360519409 0.030999999493360519409 0.030999999493360519409 0.030999999493360519409 0.030999999493360519409 0.030999999493360519409 0.030999999493360519409 0.030999999493360519409 0.030999999493360519409 0.030999999493360519409 0.030999999493360519409 0.030999999493360519409 0.032000001519918441772 0.032000001519918441772 0.032000001519918441772 0.032000001519918441772 0.032000001519918441772 0.032000001519918441772 0.032000001519918441772 0.032000001519918441772 0.043999999761581420898 0.07100000232458114624 0.086999997496604919434 0.082999996840953826904 0.075999997556209564209
0.064999997615814208984 0.061999998986721038818 0.057000000029802322388 0.050999999046325683594 0.039000000804662704468 0.032999999821186065674 0.032000001519918441772 0.032000001519918441772 0.030999999493360519409 0.030999999493360519409 0.030999999493360519409 0.030999999493360519409 0.030999999493360519409 0.030999999493360519409 0.030999999493360519409 0.030999999493360519409 0.030999999493360519409 0.030999999493360519409 0.030999999493360519409 0.030999999493360519409 0.030999999493360519409 0.030999999493360519409 0.030999999493360519409 0.030999999493360519409 0.030999999493360519409 0.030999999493360519409 0.030999999493360519409 0.032000001519918441772 0.032000001519918441772 0.032000001519918441772 0.032000001519918441772 0.032000001519918441772 0.032000001519918441772 0.032000001519918441772 0.03599999845027923584 0.046999998390674591064 0.063000001013278961182 0.068999998271465301514 0.068000003695487976074
0.064999997615814208984 0.061999998986721038818 0.057999998331069946289 0.052000001072883605957 0.043000001460313796997 0.030999999493360519409 0.029999999329447746277 0.029999999329447746277 0.030999999493360519409 0.030999999493360519409 0.030999999493360519409 0.030999999493360519409 0.030999999493360519409 0.030999999493360519409 0.030999999493360519409 0.030999999493360519409 0.030999999493360519409 0.030999999493360519409 0.030999999493360519409 0.030999999493360519409 0.030999999493360519409 0.030999999493360519409 0.030999999493360519409 0.030999999493360519409 0.030999999493360519409 0.030999999493360519409 0.030999999493360519409 0.032000001519918441772 0.032000001519918441772 0.032000001519918441772 0.032000001519918441772 0.032000001519918441772 0.032000001519918441772 0.032000001519918441772 0.032999999821186065674 0.037999998778104782104 0.041999999433755874634 0.057999998331069946289 0.052000001072883605957
0.064999997615814208984 0.061999998986721038818 0.057999998331069946289 0.052999999374151229858 0.045000001788139343262 0.028000000864267349243 0.028999999165534973145 0.029999999329447746277 0.029999999329447746277 0.029999999329447746277 0.030999999493360519409 0.030999999493360519409 0.030999999493360519409 0.029999999329447746277 0.029999999329447746277 0.029999999329447746277 0.029999999329447746277 0.029999999329447746277 0.029999999329447746277 0.030999999493360519409 0.030999999493360519409 0.030999999493360519409 0.030999999493360519409 0.030999999493360519409 0.030999999493360519409 0.030999999493360519409 0.032000001519918441772 0.032000001519918441772 0.032000001519918441772 0.032000001519918441772 0.032000001519918441772 0.032000001519918441772 0.032000001519918441772 0.032000001519918441772 0.032000001519918441772 0.032999999821186065674 0.035000000149011611938 0.041999999433755874634 0.043999999761581420898
0.065999999642372131348 0.061999998986721038818 0.059000000357627868652 0.054000001400709152222 0.046999998390674591064 0.029999999329447746277 0.029999999329447746277 0.029999999329447746277 0.030999999493360519409 0.030999999493360519409 0.029999999329447746277 0.029999999329447746277 0.029999999329447746277 0.029999999329447746277 0.029999999329447746277 0.029999999329447746277 0.029999999329447746277 0.029999999329447746277 0.029999999329447746277 0.030999999493360519409 0.030999999493360519409 0.030999999493360519409 0.030999999493360519409 0.030999999493360519409 0.030999999493360519409 0.032000001519918441772 0.032000001519918441772 0.032000001519918441772 0.032000001519918441772 0.032000001519918441772 0.032000001519918441772 0.032000001519918441772 0.032000001519918441772 0.032000001519918441772 0.032000001519918441772 0.032000001519918441772 0.032000001519918441772 0.034000001847743988037 0.03599999845027923584
0.065999999642372131348 0.063000001013278961182 0.059000000357627868652 0.054999999701976776123 0.048000000417232513428 0.032000001519918441772 0.032000001519918441772 0.030999999493360519409 0.030999999493360519409 0.030999999493360519409 0.029999999329447746277 0.029999999329447746277 0.029999999329447746277 0.029999999329447746277 0.029999999329447746277 0.029999999329447746277 0.029999999329447746277 0.029999999329447746277 0.029999999329447746277 0.030999999493360519409 0.030999999493360519409 0.030999999493360519409 0.030999999493360519409 0.032000001519918441772 0.032000001519918441772 0.032000001519918441772 0.032000001519918441772 0.032000001519918441772 0.032000001519918441772 0.032000001519918441772 0.032000001519918441772 0.032000001519918441772 0.032000001519918441772 0.030999999493360519409 0.030999999493360519409 0.030999999493360519409 0.030999999493360519409 0.030999999493360519409 0.032000001519918441772
0.065999999642372131348 0.063000001013278961182 0.059999998658895492554 0.054999999701976776123 0.048999998718500137329 0.035000000149011611938 0.032000001519918441772 0.030999999493360519409 0.030999999493360519409 0.029999999329447746277 0.029999999329447746277 0.029999999329447746277 0.029999999329447746277 0.029999999329447746277 0.029999999329447746277 0.029999999329447746277 0.029999999329447746277 0.029999999329447746277 0.030999999493360519409 0.030999999493360519409 0.030999999493360519409 0.032000001519918441772 0.032000001519918441772 0.032000001519918441772 0.032000001519918441772 0.032000001519918441772 0.032000001519918441772 0.032000001519918441772 0.032000001519918441772 0.032000001519918441772 0.032000001519918441772 0.030999999493360519409 0.030999999493360519409 0.030999999493360519409 0.030999999493360519409 0.029999999329447746277 0.029999999329447746277 0.029999999329447746277 0.029999999329447746277
0.065999999642372131348 0.063000001013278961182 0.059999998658895492554 0.056000001728534698486 0.050000000745058059692 0.039000000804662704468 0.030999999493360519409 0.029999999329447746277 0.029999999329447746277 0.029999999329447746277 0.029999999329447746277 0.029999999329447746277 0.029999999329447746277 0.029999999329447746277 0.029999999329447746277 0.029999999329447746277 0.029999999329447746277 0.030999999493360519409 0.030999999493360519409 0.030999999493360519409 0.032000001519918441772 0.032000001519918441772 0.032000001519918441772 0.032000001519918441772 0.032000001519918441772 0.032000001519918441772 0.032000001519918441772 0.032000001519918441772 0.032000001519918441772 0.030999999493360519409 0.030999999493360519409 0.030999999493360519409 0.030999999493360519409 0.029999999329447746277 0.029999999329447746277 0.029999999329447746277 0.028999999165534973145 0.028999999165534973145 0.028000000864267349243
0.065999999642372131348 0.064000003039836883545 0.059999998658895492554 0.056000001728534698486 0.050999999046325683594 0.041999999433755874634 0.028999999165534973145 0.028999999165534973145 0.028999999165534973145 0.028999999165534973145 0.028999999165534973145 0.028999999165534973145 0.028999999165534973145 0.029999999329447746277 0.029999999329447746277 0.029999999329447746277 0.030999999493360519409 0.030999999493360519409 0.032000001519918441772 0.032000001519918441772 0.032000001519918441772 0.032000001519918441772 0.032000001519918441772 0.032000001519918441772 0.032000001519918441772 0.032000001519918441772 0.032000001519918441772 0.032000001519918441772 0.030999999493360519409 0.030999999493360519409 0.029999999329447746277 0.029999999329447746277 0.029999999329447746277 0.028999999165534973145 0.028999999165534973145 0.028000000864267349243 0.028000000864267349243 0.028000000864267349243 0.027000000700354576111
0.065999999642372131348 0.064000003039836883545 0.061000000685453414917 0.057000000029802322388 0.052000001072883605957 0.043999999761581420898 0.027000000700354576111 0.028000000864267349243 0.028999999165534973145 0.028999999165534973145 0.028999999165534973145 0.028999999165534973145 0.028999999165534973145 0.029999999329447746277 0.029999999329447746277 0.030999999493360519409 0.032000001519918441772 0.032000001519918441772 0.032000001519918441772 0.032999999821186065674 0.032999999821186065674 0.032999999821186065674 0.032999999821186065674 0.032000001519918441772 0.032000001519918441772 0.032000001519918441772 0.030999999493360519409 0.030999999493360519409 0.029999999329447746277 0.029999999329447746277 0.028999999165534973145 0.028999999165534973145 0.028000000864267349243 0.028000000864267349243 0.027000000700354576111 0.027000000700354576111 0.027000000700354576111 0.026000000536441802979 0.026000000536441802979
0.067000001668930053711 0.064000003039836883545 0.061000000685453414917 0.057000000029802322388 0.052999999374151229858 0.046000000089406967163 0.028999999165534973145 0.029999999329447746277 0.029999999329447746277 0.029999999329447746277 0.028999999165534973145 0.028999999165534973145 0.029999999329447746277 0.029999999329447746277 0.030999999493360519409 0.032000001519918441772 0.032999999821186065674 0.032999999821186065674 0.032999999821186065674 0.032999999821186065674 0.032999999821186065674 0.032999999821186065674 0.032999999821186065674 0.032000001519918441772 0.032000001519918441772 0.030999999493360519409 0.029999999329447746277 0.029999999329447746277 0.028999999165534973145 0.028999999165534973145 0.028000000864267349243 0.027000000700354576111 0.027000000700354576111 0.026000000536441802979 0.026000000536441802979 0.025000000372529029846 0.025000000372529029846 0.024000000208616256714 0.024000000208616256714
0.067000001668930053711 0.064000003039836883545 0.061000000685453414917 0.057999998331069946289 0.052999999374151229858 0.046999998390674591064 0.030999999493360519409 0.030999999493360519409 0.029999999329447746277 0.029999999329447746277 0.029999999329447746277 0.028999999165534973145 0.029999999329447746277 0.032000001519918441772 0.032999999821186065674 0.034000001847743988037 0.034000001847743988037 0.034000001847743988037 0.034000001847743988037 0.034000001847743988037 0.032999999821186065674 0.032000001519918441772 0.032000001519918441772 0.030999999493360519409 0.029999999329447746277 0.029999999329447746277 0.028999999165534973145 0.028000000864267349243 0.028000000864267349243 0.027000000700354576111 0.026000000536441802979 0.025000000372529029846 0.025000000372529029846 0.024000000208616256714 0.024000000208616256714 0.023000000044703483582 0.023000000044703483582 0.021999999880790710449 0.021999999880790710449
