data/A1_max_inun_rr1.25.asc
ncols        423
nrows        321
xllcorner    206546.352000000014
yllcorner    287233.353999999992
cellsize     3.999000000000
NODATA_value -9999
[rows 272 to 288 of 321, columns 78 to 116 of 423]
2.5899999141693115234 2.5529999732971191406 2.5090000629425048828 0.0010000000474974513054 2.4230000972747802734 2.3800001144409179688 2.3369998931884765625 2.2939999103546142578 2.2509999275207519531 2.2039999961853027344 2.1559998989105224609 2.0999999046325683594 0.0010000000474974513054 0.0010000000474974513054 0.0010000000474974513054 0 1.8209999799728393555 1.7660000324249267578 1.7100000381469726562 0.0010000000474974513054 0.0010000000474974513054 0.0020000000949949026108 0.0020000000949949026108 0.0020000000949949026108 0.0020000000949949026108 0.0020000000949949026108 0.0020000000949949026108 0.0020000000949949026108 0.0020000000949949026108 0.0020000000949949026108 0.0020000000949949026108 0.0020000000949949026108 0.0010000000474974513054 0.0010000000474974513054 0 0.93800002336502075195 0.89300000667572021484 0.84899997711181640625 0.80400002002716064453
2.5369999408721923828 2.506999969482421875 0.0030000000260770320892 0.0030000000260770320892 0.0020000000949949026108 2.3440001010894775391 2.3010001182556152344 2.256999969482421875 2.2139999866485595703 2.1710000038146972656 2.1280000209808349609 2.0829999446868896484 2.0369999408721923828 1.988000035285949707 0 1.875 1.8200000524520874023 1.7649999856948852539 1.7089999914169311523 0.0020000000949949026108 0.0020000000949949026108 0.0010000000474974513054 0.0010000000474974513054 0.0010000000474974513054 0.0020000000949949026108 0.0020000000949949026108 0.0020000000949949026108 0.0020000000949949026108 0.0020000000949949026108 0.0020000000949949026108 0.0020000000949949026108 0.0010000000474974513054 0.0010000000474974513054 0.0010000000474974513054 0 0.9120000004768371582 0.86699998378753662109 0.82200002670288085938 0.77799999713897705078
2.5079998970031738281 0.0040000001899898052216 0.0040000001899898052216 0.0030000000260770320892 0.0030000000260770320892 0.0020000000949949026108 0.0010000000474974513054 2.2209999561309814453 2.1770000457763671875 2.1340000629425048828 2.0910000801086425781 2.0480000972747802734 2.0050001144409179688 1.9620000123977661133 1.9160000085830688477 1.8689999580383300781 1.8190000057220458984 1.7640000581741333008 1.7079999446868896484 0.0020000000949949026108 0.0030000000260770320892 0.0020000000949949026108 0.0020000000949949026108 0.0020000000949949026108 0.0010000000474974513054 0.0010000000474974513054 0.0020000000949949026108 0.0020000000949949026108 0.0020000000949949026108 0.0020000000949949026108 0.0020000000949949026108 0.0010000000474974513054 0.0010000000474974513054 0 0.93099999427795410156 0.88599997758865356445 0.84100002050399780273 0.79600000381469726562 0.75099998712539672852
2.4809999465942382812 0.0040000001899898052216 0.0040000001899898052216 0.0030000000260770320892 0.0030000000260770320892 0.0030000000260770320892 0.0030000000260770320892 0.0020000000949949026108 0.0010000000474974513054 2.0980000495910644531 2.0550000667572021484 2.0120000839233398438 1.9689999818801879883 1.9259999990463256836 1.881999969482421875 1.8389999866485595703 1.7949999570846557617 1.7489999532699584961 1.7020000219345092773 1.6499999761581420898 0.0070000002160668373108 0.0049999998882412910461 0.0040000001899898052216 0.0030000000260770320892 0.0020000000949949026108 0.0020000000949949026108 0.0010000000474974513054 0.0010000000474974513054 0.0010000000474974513054 0.0020000000949949026108 0.0010000000474974513054 0.0010000000474974513054 0.0010000000474974513054 0 0.90499997138977050781 0.86000001430511474609 0.81499999761581420898 0.0010000000474974513054 0.0010000000474974513054
0.0040000001899898052216 0.0040000001899898052216 0.0040000001899898052216 0.0030000000260770320892 0.0030000000260770320892 0.0030000000260770320892 0.0030000000260770320892 0.0020000000949949026108 0.0020000000949949026108 0.0010000000474974513054 2.0199999809265136719 1.9759999513626098633 1.9329999685287475586 1.8899999856948852539 1.8459999561309814453 1.8029999732971191406 1.7599999904632568359 1.7170000076293945312 1.6740000247955322266 1.6280000209808349609 0.0049999998882412910461 0.0070000002160668373108 0.0070000002160668373108 0.0070000002160668373108 0.0049999998882412910461 0.0030000000260770320892 0.0020000000949949026108 0.0020000000949949026108 0.0020000000949949026108 0.0010000000474974513054 0.0010000000474974513054 0.0010000000474974513054 0 0.92500001192092895508 0.87999999523162841797 0.83499997854232788086 0.0020000000949949026108 0.0010000000474974513054 0.0010000000474974513054
0.0040000001899898052216 0.0040000001899898052216 0.0030000000260770320892 0.0030000000260770320892 0.0030000000260770320892 0.0030000000260770320892 0.0030000000260770320892 0.0030000000260770320892 0.0020000000949949026108 0.0020000000949949026108 0.0020000000949949026108 0.0010000000474974513054 1.8969999551773071289 1.8530000448226928711 1.8099999427795410156 1.7669999599456787109 1.7239999771118164062 1.6809999942779541016 1.6380000114440917969 1.5950000286102294922 0.0010000000474974513054 0.0020000000949949026108 0.0020000000949949026108 0.0030000000260770320892 0.0040000001899898052216 0.0049999998882412910461 0.0040000001899898052216 0.0030000000260770320892 0.0020000000949949026108 0.0010000000474974513054 0.0010000000474974513054 0.0010000000474974513054 0 0.89999997615814208984 0.85500001907348632812 0.0010000000474974513054 0.0010000000474974513054 0.0010000000474974513054 0.0010000000474974513054
0.0040000001899898052216 0.0030000000260770320892 0.0030000000260770320892 0.0030000000260770320892 0.0030000000260770320892 0.0030000000260770320892 0.0030000000260770320892 0.0020000000949949026108 0.0020000000949949026108 0.0020000000949949026108 0.0020000000949949026108 0.0010000000474974513054 0.0010000000474974513054 1.8170000314712524414 1.7740000486373901367 1.7309999465942382812 1.6879999637603759766 1.6449999809265136719 1.6019999980926513672 1.5590000152587890625 1.5160000324249267578 0.0010000000474974513054 0.0010000000474974513054 0.0020000000949949026108 0.0020000000949949026108 0.0020000000949949026108 0.0020000000949949026108 0.0020000000949949026108 0.0020000000949949026108 0.0010000000474974513054 0.0010000000474974513054 0 0.95099997520446777344 0.89499998092651367188 0.83999997377395629883 0.0010000000474974513054 0.0010000000474974513054 0.0010000000474974513054 0.0010000000474974513054
0.0030000000260770320892 0.0030000000260770320892 0.0030000000260770320892 0.0030000000260770320892 0.0030000000260770320892 0.0030000000260770320892 0.0030000000260770320892 0.0020000000949949026108 0.0020000000949949026108 0.0020000000949949026108 0.0020000000949949026108 0.0010000000474974513054 0.0010000000474974513054 0.0010000000474974513054 0 1.6950000524520874023 1.6519999504089355469 1.6089999675750732422 1.5659999847412109375 1.5230000019073486328 1.4789999723434448242 1.4359999895095825195 0.0010000000474974513054 0.0010000000474974513054 0.0010000000474974513054 0.0020000000949949026108 0.0020000000949949026108 0.0010000000474974513054 0.0010000000474974513054 0.0010000000474974513054 0 1.0060000419616699219 0.94999998807907104492 0.89399999380111694336 0.8379999995231628418 0.78200000524520874023 0.0010000000474974513054 0.0010000000474974513054 0.0020000000949949026108
0.0030000000260770320892 0.0030000000260770320892 0.0030000000260770320892 0.0030000000260770320892 0.0030000000260770320892 0.0030000000260770320892 0.0020000000949949026108 0.0020000000949949026108 0.0020000000949949026108 0.0020000000949949026108 0.0020000000949949026108 0.0010000000474974513054 0.0010000000474974513054 0.0010000000474974513054 0 1.6590000391006469727 1.616000056266784668 1.5720000267028808594 1.5290000438690185547 1.4859999418258666992 1.4429999589920043945 1.3999999761581420898 1.3569999933242797852 1.3129999637603759766 0.0010000000474974513054 0.0010000000474974513054 0.0010000000474974513054 0.0010000000474974513054 0.0010000000474974513054 0.0010000000474974513054 0 0.98299998044967651367 0.93599998950958251953 0.0040000001899898052216 0.0040000001899898052216 0.0030000000260770320892 1.4440000057220458984 1.3890000581741333008 0.0020000000949949026108
0.0030000000260770320892 0.0030000000260770320892 0.0030000000260770320892 0.0030000000260770320892 0.0030000000260770320892 0.0020000000949949026108 0.0020000000949949026108 0.0020000000949949026108 0.0020000000949949026108 0.0020000000949949026108 0.0010000000474974513054 0.0010000000474974513054 0.0010000000474974513054 0 1.6660000085830688477 1.6219999790191650391 1.5789999961853027344 1.5360000133514404297 1.493000030517578125 1.4500000476837158203 1.4069999456405639648 1.3639999628067016602 1.3200000524520874023 1.2769999504089355469 1.254999995231628418 0.0010000000474974513054 0.0010000000474974513054 0.0010000000474974513054 0.0010000000474974513054 0 0.99699997901916503906 0.95399999618530273438 0.90899997949600219727 0.0040000001899898052216 0.0049999998882412910461 0.0049999998882412910461 0.0060000000521540641785 0.0070000002160668373108 0.0080000003799796104431
0.0030000000260770320892 0.0030000000260770320892 0.0030000000260770320892 0.0030000000260770320892 0.0020000000949949026108 0.0020000000949949026108 0.0020000000949949026108 0.0020000000949949026108 0.0020000000949949026108 0.0010000000474974513054 0.0010000000474974513054 0.0010000000474974513054 0.0010000000474974513054 0 1.6289999485015869141 1.5859999656677246094 0.0030000000260770320892 0.0020000000949949026108 0.0010000000474974513054 1.4140000343322753906 1.3710000514984130859 1.3270000219345092773 1.2840000391006469727 1.241000056266784668 1.2189999818801879883 1.1749999523162841797 1.131999969482421875 0 0 1.0039999485015869141 0.96100002527236938477 0.91799998283386230469 0.87400001287460327148 0.0020000000949949026108 0.0040000001899898052216 0.0040000001899898052216 0.0049999998882412910461 0.0049999998882412910461 0.0070000002160668373108
0.0020000000949949026108 0.0030000000260770320892 0.0030000000260770320892 0.0020000000949949026108 0.0020000000949949026108 0.0020000000949949026108 0.0020000000949949026108 0.0020000000949949026108 0.0020000000949949026108 0.0010000000474974513054 0.0010000000474974513054 0.0010000000474974513054 0 1.613000035285949707 1.5829999446868896484 0.0030000000260770320892 0.0030000000260770320892 0.0030000000260770320892 0.0020000000949949026108 0.0020000000949949026108 0.0010000000474974513054 1.2910000085830688477 1.248000025749206543 1.2050000429153442383 1.1829999685287475586 1.1390000581741333008 1.0959999561309814453 1.0529999732971191406 1.0099999904632568359 0.96700000762939453125 0.92400002479553222656 0.88099998235702514648 0.8379999995231628418 0.79500001668930053711 0.0030000000260770320892 0.0030000000260770320892 0.0040000001899898052216 0.0040000001899898052216 0.0040000001899898052216
0.0020000000949949026108 0.0020000000949949026108 0.0020000000949949026108 0.0020000000949949026108 0.0020000000949949026108 0.0020000000949949026108 0.0020000000949949026108 0.0020000000949949026108 0.0010000000474974513054 0.0010000000474974513054 0.0010000000474974513054 0 1.5889999866485595703 1.5590000152587890625 1.5290000438690185547 0.0030000000260770320892 0.0030000000260770320892 0.0030000000260770320892 0.0020000000949949026108 0.0020000000949949026108 0.0020000000949949026108 0.0010000000474974513054 1.2120000123977661133 1.1690000295639038086 1.1469999551773071289 1.1030000448226928711 1.0599999427795410156 1.0169999599456787109 0.97399997711181640625 0.93099999427795410156 0.88800001144409179688 0.84500002861022949219 0.80199998617172241211 0.75800001621246337891 0.0030000000260770320892 0.0030000000260770320892 0.0030000000260770320892 0.0030000000260770320892 0.0030000000260770320892
0.0020000000949949026108 0.0020000000949949026108 0.0020000000949949026108 0.0020000000949949026108 0.0020000000949949026108 0.0020000000949949026108 0.0020000000949949026108 0.0010000000474974513054 0.0010000000474974513054 0.0010000000474974513054 0.0010000000474974513054 0 1.5449999570846557617 1.504999995231628418 0.0030000000260770320892 0.0030000000260770320892 0.0030000000260770320892 0.0030000000260770320892 0.0020000000949949026108 0.0020000000949949026108 0.0020000000949949026108 0.0020000000949949026108 0.0010000000474974513054 0.0010000000474974513054 1.1100000143051147461 1.0670000314712524414 1.0240000486373901367 0.98100000619888305664 0.93699997663497924805 0.89399999380111694336 0.85100001096725463867 0.80800002813339233398 0.76499998569488525391 0.0020000000949949026108 0.0020000000949949026108 0.0020000000949949026108 0.0030000000260770320892 0.0030000000260770320892 0.0030000000260770320892
0.0010000000474974513054 0.0010000000474974513054 0.0020000000949949026108 0.0020000000949949026108 0.0020000000949949026108 0.0020000000949949026108 0.0010000000474974513054 0.0010000000474974513054 0.0010000000474974513054 0.0010000000474974513054 0 1.5750000476837158203 1.5190000534057617188 0.0030000000260770320892 0.0030000000260770320892 0.0030000000260770320892 0.0030000000260770320892 0.0020000000949949026108 0.0020000000949949026108 0.0020000000949949026108 0.0020000000949949026108 0.0020000000949949026108 0.0010000000474974513054 0.0010000000474974513054 0.0010000000474974513054 0 0.98799997568130493164 0.94499999284744262695 0.90100002288818359375 0.85799998044967651367 0.81499999761581420898 0.7720000147819519043 0.72899997234344482422 0.0010000000474974513054 0.0010000000474974513054 0.0020000000949949026108 0.0020000000949949026108 0.0020000000949949026108 0.0030000000260770320892
2.1619999408721923828 0.0010000000474974513054 0.0010000000474974513054 0.0010000000474974513054 0.0010000000474974513054 0.0010000000474974513054 0.0010000000474974513054 0.0010000000474974513054 0.0010000000474974513054 0 1.6030000448226928711 1.5479999780654907227 0.0010000000474974513054 0.0020000000949949026108 0.0030000000260770320892 0.0020000000949949026108 0.0020000000949949026108 0.0020000000949949026108 0.0020000000949949026108 0.0020000000949949026108 0.0020000000949949026108 0.0010000000474974513054 0.0010000000474974513054 0.0010000000474974513054 0.0010000000474974513054 0 0.95200002193450927734 0.90799999237060546875 0.86500000953674316406 0.82200002670288085938 0.7789999842643737793 0.73600000143051147461 0.69199997186660766602 0.64899998903274536133 0.60600000619888305664 0.0010000000474974513054 0.0010000000474974513054 0.0020000000949949026108 0.0020000000949949026108
2.1359999179840087891 2.0799999237060546875 2.0239999294281005859 0.0010000000474974513054 0.0010000000474974513054 0.0010000000474974513054 0.0010000000474974513054 0.0010000000474974513054 0 1.6330000162124633789 1.5770000219345092773 1.5210000276565551758 1.4659999608993530273 0.0010000000474974513054 0.0020000000949949026108 0.0020000000949949026108 0.0020000000949949026108 0.0020000000949949026108 0.0020000000949949026108 0.0020000000949949026108 0.0010000000474974513054 0.0010000000474974513054 0.0010000000474974513054 0.0010000000474974513054 0 0.95899999141693115234 0.91600000858306884766 0.87199997901916503906 0.82899999618530273438 0.78600001335144042969 0.74299997091293334961 0.69999998807907104492 0.65600001811981201172 0.61299997568130493164 0.56999999284744262695 0.52700001001358032227 0.0010000000474974513054 0.0010000000474974513054 0.0010000000474974513054
