data/A1_max_inun_rr0.75.asc
ncols        423
nrows        321
xllcorner    206546.352000000014
yllcorner    287233.353999999992
cellsize     3.999000000000
NODATA_value -9999
[rows 270 to 287 of 321, columns 351 to 389 of 423]
0 0 0 0 0 0 0 0.14499999582767486572 0.0070000002160668373108 0.0010000000474974513054 0.0010000000474974513054 0.0010000000474974513054 0.0010000000474974513054 0.0010000000474974513054 0.0010000000474974513054 0 0.027000000700354576111 0.0010000000474974513054 0.0010000000474974513054 0.0010000000474974513054 0.0010000000474974513054 0.0010000000474974513054 0.0010000000474974513054 0.0010000000474974513054 0.0010000000474974513054 0.0010000000474974513054 0.0010000000474974513054 0.0010000000474974513054 0.0010000000474974513054 0 0 0 0.0010000000474974513054 0 0.35100001096725463867 0.023000000044703483582 0.0030000000260770320892 0.0030000000260770320892 0.0030000000260770320892
0.0020000000949949026108 0.0010000000474974513054 0.0010000000474974513054 0.56499999761581420898 0.041000001132488250732 0.030999999493360519409 0 0.096000000834465026855 0.0080000003799796104431 0.0010000000474974513054 0.0010000000474974513054 0.0010000000474974513054 0.0010000000474974513054 0.0010000000474974513054 0 0 0.027000000700354576111 0 0 0 0 0 0 0 0 0 0 0 0 0.16099999845027923584 0.0099999997764825820923 0.028000000864267349243 0.030999999493360519409 0.0099999997764825820923 0.014999999664723873138 0.0040000001899898052216 0.0040000001899898052216 0.0030000000260770320892 0.0030000000260770320892
0.0010000000474974513054 0.0010000000474974513054 0 0.43099999427795410156 0.019999999552965164185 0.030999999493360519409 0.048999998718500137329 0.046000000089406967163 0.012000000104308128357 0 0 0 0 0 0.068000003695487976074 0.028000000864267349243 0.027000000700354576111 0.043000001460313796997 0.041999999433755874634 0.041999999433755874634 0.041999999433755874634 0.041000001132488250732 0.041000001132488250732 0.039999999105930328369 0.039000000804662704468 0.037999998778104782104 0.03599999845027923584 0.034000001847743988037 0.030999999493360519409 0.028000000864267349243 0.018999999389052391052 0.028999999165534973145 0.034000001847743988037 0.019999999552965164185 0.018999999389052391052 0.0040000001899898052216 0.0040000001899898052216 0.0030000000260770320892 0.0030000000260770320892
0 0 0.1689999997615814209 0.050000000745058059692 0.0040000001899898052216 0.0040000001899898052216 0.00899999961256980896 0.013000000268220901489 0.019999999552965164185 0.029999999329447746277 0.029999999329447746277 0.029999999329447746277 0.028999999165534973145 0.028999999165534973145 0.028000000864267349243 0.0030000000260770320892 0.0030000000260770320892 0.0030000000260770320892 0.0030000000260770320892 0.0030000000260770320892 0.0030000000260770320892 0.0030000000260770320892 0.0040000001899898052216 0.0049999998882412910461 0.0060000000521540641785 0.0060000000521540641785 0.0070000002160668373108 0.0080000003799796104431 0.00899999961256980896 0.012000000104308128357 0.024000000208616256714 0.028999999165534973145 0.032999999821186065674 0.012000000104308128357 0.0049999998882412910461 0.0049999998882412910461 0.0040000001899898052216 0.0030000000260770320892 0.0010000000474974513054
0.0010000000474974513054 0 0.046999998390674591064 0.0020000000949949026108 0.0040000001899898052216 0.0060000000521540641785 0.0030000000260770320892 0.0030000000260770320892 0.0030000000260770320892 0.0030000000260770320892 0.0030000000260770320892 0.0030000000260770320892 0.0030000000260770320892 0.0020000000949949026108 0.0020000000949949026108 0.0020000000949949026108 0.0020000000949949026108 0.0020000000949949026108 0.0020000000949949026108 0.0020000000949949026108 0.0030000000260770320892 0.0030000000260770320892 0.0030000000260770320892 0.0040000001899898052216 0.0040000001899898052216 0.0049999998882412910461 0.0060000000521540641785 0.0070000002160668373108 0.0060000000521540641785 0.019999999552965164185 0.025000000372529029846 0.028000000864267349243 0.0060000000521540641785 0.0060000000521540641785 0.0049999998882412910461 0.0049999998882412910461 0.0049999998882412910461 0.0049999998882412910461 0.0060000000521540641785
0.0010000000474974513054 0 0.050999999046325683594 0.0030000000260770320892 0.0010000000474974513054 0.0070000002160668373108 0.0020000000949949026108 0.0030000000260770320892 0.0030000000260770320892 0.0030000000260770320892 0.0020000000949949026108 0.0020000000949949026108 0.0020000000949949026108 0.0020000000949949026108 0.0020000000949949026108 0.0020000000949949026108 0.0020000000949949026108 0.0020000000949949026108 0.0020000000949949026108 0.0020000000949949026108 0.0020000000949949026108 0.0020000000949949026108 0.0020000000949949026108 0.0030000000260770320892 0.0030000000260770320892 0.0040000001899898052216 0.0060000000521540641785 0.0080000003799796104431 0.010999999940395355225 0.021999999880790710449 0.024000000208616256714 0.0060000000521540641785 0.0060000000521540641785 0.0060000000521540641785 0.0049999998882412910461 0.0049999998882412910461 0.0049999998882412910461 0.0040000001899898052216 0.0040000001899898052216
0.0010000000474974513054 0 0.050999999046325683594 0.0010000000474974513054 0.0020000000949949026108 0.0060000000521540641785 0.0010000000474974513054 0.0020000000949949026108 0.0030000000260770320892 0.0020000000949949026108 0.0020000000949949026108 0.0020000000949949026108 0.0020000000949949026108 0.0020000000949949026108 0.0020000000949949026108 0.0020000000949949026108 0.0020000000949949026108 0.0020000000949949026108 0.0020000000949949026108 0.0020000000949949026108 0.0020000000949949026108 0.0020000000949949026108 0.0020000000949949026108 0.0020000000949949026108 0.0020000000949949026108 0.0020000000949949026108 0.0030000000260770320892 0.0030000000260770320892 0.0040000001899898052216 0.0049999998882412910461 0.0060000000521540641785 0.0060000000521540641785 0.0060000000521540641785 0.0060000000521540641785 0.0060000000521540641785 0.0060000000521540641785 0.0049999998882412910461 0.0049999998882412910461 0.0040000001899898052216
0.013000000268220901489 0.019999999552965164185 0.032000001519918441772 0.0010000000474974513054 0.0010000000474974513054 0.0060000000521540641785 0.0020000000949949026108 0.0020000000949949026108 0.0020000000949949026108 0.0020000000949949026108 0.0020000000949949026108 0.0020000000949949026108 0.0020000000949949026108 0.0020000000949949026108 0.0020000000949949026108 0.0020000000949949026108 0.0020000000949949026108 0.0020000000949949026108 0.0020000000949949026108 0.0020000000949949026108 0.0010000000474974513054 0.0010000000474974513054 0.0010000000474974513054 0.0020000000949949026108 0.0010000000474974513054 0.0020000000949949026108 0.0020000000949949026108 0.0020000000949949026108 0.0030000000260770320892 0.0040000001899898052216 0.0049999998882412910461 0.0070000002160668373108 0.0070000002160668373108 0.0060000000521540641785 0.0060000000521540641785 0.0060000000521540641785 0.0060000000521540641785 0.0049999998882412910461 0.0040000001899898052216
0.017000000923871994019 0.019999999552965164185 0.019999999552965164185 0.0020000000949949026108 0.0020000000949949026108 0.0020000000949949026108 0.0020000000949949026108 0.0010000000474974513054 0.0020000000949949026108 0.0020000000949949026108 0.0020000000949949026108 0.0020000000949949026108 0.0020000000949949026108 0.0020000000949949026108 0.0020000000949949026108 0.0020000000949949026108 0.0020000000949949026108 0.0020000000949949026108 0.0010000000474974513054 0.0010000000474974513054 0.0010000000474974513054 0.0010000000474974513054 0.0010000000474974513054 0.0010000000474974513054 0.0010000000474974513054 0.0010000000474974513054 0.0010000000474974513054 0.0010000000474974513054 0.0020000000949949026108 0.0030000000260770320892 0.0040000001899898052216 0.0060000000521540641785 0.0080000003799796104431 0.0049999998882412910461 0.0060000000521540641785 0.0060000000521540641785 0.0060000000521540641785 0.0060000000521540641785 0.0049999998882412910461
0.017000000923871994019 0.017000000923871994019 0.013000000268220901489 0.0020000000949949026108 0.0020000000949949026108 0.0020000000949949026108 0.0020000000949949026108 0.0020000000949949026108 0.0020000000949949026108 0.0030000000260770320892 0.0020000000949949026108 0.0020000000949949026108 0.0020000000949949026108 0.0020000000949949026108 0.0020000000949949026108 0.0020000000949949026108 0.0020000000949949026108 0.0010000000474974513054 0.0010000000474974513054 0.0010000000474974513054 0.0010000000474974513054 0.0010000000474974513054 0.0010000000474974513054 0.0010000000474974513054 0.0010000000474974513054 0.0010000000474974513054 0.0010000000474974513054 0.0010000000474974513054 0.0010000000474974513054 0 0.0010000000474974513054 0.0049999998882412910461 0.0099999997764825820923 0.0049999998882412910461 0.0060000000521540641785 0.0060000000521540641785 0.0060000000521540641785 0.0060000000521540641785 0.0060000000521540641785
0.014999999664723873138 0.013000000268220901489 0.00899999961256980896 0.0020000000949949026108 0.0020000000949949026108 0.0020000000949949026108 0.0020000000949949026108 0.0020000000949949026108 0.0020000000949949026108 0.0030000000260770320892 0.0020000000949949026108 0.0020000000949949026108 0.0020000000949949026108 0.0010000000474974513054 0.0010000000474974513054 0.0010000000474974513054 0.0010000000474974513054 0.0010000000474974513054 0.0010000000474974513054 0.0010000000474974513054 0.0010000000474974513054 0.0010000000474974513054 0.0010000000474974513054 0 0.15399999916553497314 0 0.0010000000474974513054 0 0.0010000000474974513054 0 0.0010000000474974513054 0.0080000003799796104431 0.0040000001899898052216 0.0040000001899898052216 0.0049999998882412910461 0.0060000000521540641785 0.0060000000521540641785 0.0070000002160668373108 0.0070000002160668373108
0.14599999785423278809 0.0099999997764825820923 0.0070000002160668373108 0.0040000001899898052216 0.0049999998882412910461 0.0080000003799796104431 0.012000000104308128357 0.0020000000949949026108 0.0030000000260770320892 0.0040000001899898052216 0.0010000000474974513054 0.0010000000474974513054 0.0010000000474974513054 0.0010000000474974513054 0.0010000000474974513054 0.0010000000474974513054 0.0010000000474974513054 0.0010000000474974513054 0.0010000000474974513054 0.0010000000474974513054 0.0010000000474974513054 0.0030000000260770320892 0.0030000000260770320892 0.0010000000474974513054 0.15399999916553497314 0.0010000000474974513054 0 0.0010000000474974513054 0.0020000000949949026108 0.0010000000474974513054 0.0010000000474974513054 0.0049999998882412910461 0.0030000000260770320892 0.0040000001899898052216 0.0040000001899898052216 0.0049999998882412910461 0.0060000000521540641785 0.0070000002160668373108 0.0070000002160668373108
0.17700000107288360596 0.00899999961256980896 0.0080000003799796104431 0.00899999961256980896 0.012000000104308128357 0.017000000923871994019 0.010999999940395355225 0.014000000432133674622 0.0040000001899898052216 0.0060000000521540641785 0.0010000000474974513054 0.0010000000474974513054 0.0010000000474974513054 0.0010000000474974513054 0.0010000000474974513054 0.0010000000474974513054 0 0.0010000000474974513054 0.0010000000474974513054 0.0010000000474974513054 0.0030000000260770320892 0.0030000000260770320892 0.0030000000260770320892 0.0010000000474974513054 0.15399999916553497314 0.0010000000474974513054 0.0010000000474974513054 0 0.0020000000949949026108 0.0010000000474974513054 0.0010000000474974513054 0.0030000000260770320892 0.0020000000949949026108 0.0030000000260770320892 0.0030000000260770320892 0.0040000001899898052216 0.0049999998882412910461 0.0060000000521540641785 0.0080000003799796104431
0.18000000715255737305 0.020999999716877937317 0.0099999997764825820923 0.012000000104308128357 0.014999999664723873138 0.0060000000521540641785 0.0080000003799796104431 0.010999999940395355225 0.014999999664723873138 0.00899999961256980896 0.0010000000474974513054 0.0010000000474974513054 0.0010000000474974513054 0.0010000000474974513054 0 0.0010000000474974513054 0.0020000000949949026108 0.0020000000949949026108 0.0020000000949949026108 0.0020000000949949026108 0.0010000000474974513054 0.0030000000260770320892 0.0030000000260770320892 0.0010000000474974513054 0.15399999916553497314 0.0010000000474974513054 0.0010000000474974513054 0.0010000000474974513054 0 0 0.0020000000949949026108 0.0010000000474974513054 0.0020000000949949026108 0.0020000000949949026108 0.0020000000949949026108 0.0030000000260770320892 0.0030000000260770320892 0.0049999998882412910461 0.0070000002160668373108
0.18199999630451202393 0.18299999833106994629 0.010999999940395355225 0.013000000268220901489 0.0020000000949949026108 0.0020000000949949026108 0.0040000001899898052216 0.0049999998882412910461 0.00899999961256980896 0.014000000432133674622 0 0.0010000000474974513054 0 0.0010000000474974513054 0.0020000000949949026108 0.0010000000474974513054 0.0010000000474974513054 0.0010000000474974513054 0.0010000000474974513054 0 0.043999999761581420898 0.0010000000474974513054 0.0020000000949949026108 0.0010000000474974513054 0.15399999916553497314 0.15399999916553497314 0.0010000000474974513054 0.0010000000474974513054 0.0010000000474974513054 0.0010000000474974513054 0 0.0010000000474974513054 0.0010000000474974513054 0.0010000000474974513054 0.0010000000474974513054 0.0020000000949949026108 0.0020000000949949026108 0.0020000000949949026108 0.0020000000949949026108
0.18299999833106994629 0.18400000035762786865 0.012000000104308128357 0.0010000000474974513054 0.0010000000474974513054 0.0010000000474974513054 0 0 0 0.021999999880790710449 0.028000000864267349243 0 0.0010000000474974513054 0.0010000000474974513054 0 0.043000001460313796997 0.043000001460313796997 0.043000001460313796997 0.043000001460313796997 0.043999999761581420898 0.043999999761581420898 0.043999999761581420898 0.0010000000474974513054 0.0020000000949949026108 0 0.15399999916553497314 0.0010000000474974513054 0.0010000000474974513054 0.0010000000474974513054 0.0010000000474974513054 0.0010000000474974513054 0.0010000000474974513054 0.0010000000474974513054 0.0010000000474974513054 0.0010000000474974513054 0.0010000000474974513054 0.0010000000474974513054 0.0010000000474974513054 0.0020000000949949026108
0.18500000238418579102 0.18299999833106994629 0.0020000000949949026108 0.0010000000474974513054 0.0010000000474974513054 0.0010000000474974513054 0.0010000000474974513054 0.0010000000474974513054 0 0.043000001460313796997 0.030999999493360519409 0.03599999845027923584 0.039000000804662704468 0.041000001132488250732 0.041999999433755874634 0.043000001460313796997 0.043000001460313796997 0.043000001460313796997 0.043000001460313796997 0.043999999761581420898 0.043999999761581420898 0.043999999761581420898 0.0010000000474974513054 0.0020000000949949026108 0.0010000000474974513054 0.15399999916553497314 0.0010000000474974513054 0.0010000000474974513054 0.0010000000474974513054 0.0010000000474974513054 0.0010000000474974513054 0.0010000000474974513054 0.0010000000474974513054 0.0010000000474974513054 0.0010000000474974513054 0.0010000000474974513054 0.0010000000474974513054 0.0030000000260770320892 0.0020000000949949026108
0.18899999558925628662 0 0.0030000000260770320892 0.0010000000474974513054 0.0010000000474974513054 0.0010000000474974513054 0.0010000000474974513054 0.0010000000474974513054 0.0010000000474974513054 0 0.29699999094009399414 0.0010000000474974513054 0.0010000000474974513054 0.041999999433755874634 0.041999999433755874634 0.043000001460313796997 0.043000001460313796997 0.043000001460313796997 0.043999999761581420898 0.043999999761581420898 0.043999999761581420898 0.043999999761581420898 0.0010000000474974513054 0.0020000000949949026108 0.0010000000474974513054 0.15399999916553497314 0.0020000000949949026108 0.0010000000474974513054 0.0010000000474974513054 0.0010000000474974513054 0.0010000000474974513054 0.0010000000474974513054 0.0010000000474974513054 0 0 0 0.0030000000260770320892 0.0030000000260770320892 0.0020000000949949026108
