data/A1_road.asc
ncols        423
nrows        321
xllcorner    206546.351999999984
yllcorner    287233.353999999992
cellsize     3.999000000000
NODATA_value -9999
[rows 112 to 139 of 321, columns 0 to 63 of 423]
-9999 -9999 -9999 -9999 -9999 -9999 -9999 -9999 -9999 -9999 -9999 -9999 -9999 10 10 10 10 10 10 10 10 10 10 10 10 10 10 10 10 10 10 10 10 10 10 10 10 10 10 -9999 -9999 -9999 -9999 -9999 -9999 -9999 -9999 -9999 9.6237535476684570312 9.5689935684204101562 9.5142345428466796875 9.4594755172729492188 9.40471649169921875 9.3499574661254882812 9.2951974868774414062 9.2420434951782226562 9.1891222000122070312 9.1362018585205078125 9.0832805633544921875 9.0303592681884765625 8.9774379730224609375 8.9245166778564453125 8.8715963363647460938 8.8186750411987304688
-9999 -9999 -9999 -9999 -9999 -9999 -9999 -9999 -9999 -9999 -9999 -9999 -9999 -9999 -9999 10 10 10 10 10 10 10 10 10 10 10 10 10 10 10 10 10 10 10 10 10 10 10 10 10 10 -9999 -9999 -9999 -9999 -9999 -9999 9.6746511459350585938 9.6217298507690429688 9.5688085556030273438 9.5158872604370117188 9.4629669189453125 9.410045623779296875 9.35712432861328125 9.304203033447265625 9.2512826919555664062 9.1983613967895507812 9.1454401016235351562 9.0925188064575195312 9.0395984649658203125 8.9866771697998046875 8.9337558746337890625 8.8808345794677734375 8.8279142379760742188
-9999 -9999 -9999 -9999 -9999 -9999 -9999 -9999 -9999 -9999 -9999 -9999 -9999 -9999 -9999 10 10 10 10 10 10 10 10 10 10 10 10 10 10 10 10 10 10 10 10 10 10 10 10 10 10 10 9.9484949111938476562 9.8955736160278320312 9.8426523208618164062 9.7897319793701171875 9.7368106842041015625 9.6838893890380859375 9.6309680938720703125 9.5780477523803710938 9.5251264572143554688 9.4722051620483398438 9.4192838668823242188 9.366363525390625 9.313442230224609375 9.26052093505859375 9.207599639892578125 9.1546792984008789062 9.1017580032348632812 9.0488367080688476562 8.9959154129028320312 8.9429950714111328125 8.8900737762451171875 8.8371524810791015625
-9999 -9999 -9999 -9999 -9999 -9999 -9999 -9999 -9999 -9999 -9999 -9999 -9999 -9999 10 10 -9999 -9999 10 10 10 10 10 10 10 10 10 10 10 10 10 10 10 10 10 10 10 10 10 10 10 10 9.957733154296875 9.9048128128051757812 9.8518915176391601562 9.7989702224731445312 9.7460489273071289062 9.6931285858154296875 9.6402072906494140625 9.5872859954833984375 9.5343647003173828125 9.4814443588256835938 9.4285230636596679688 9.3756017684936523438 9.3226804733276367188 9.2697601318359375 9.216838836669921875 9.16391754150390625 9.110996246337890625 9.0580759048461914062 9.0051546096801757812 8.9522333145141601562 8.8993129730224609375 8.8463916778564453125
-9999 -9999 10 -9999 -9999 -9999 -9999 -9999 -9999 -9999 -9999 -9999 -9999 10 10 10 -9999 -9999 10 10 10 10 10 10 10 10 10 10 10 10 10 10 10 10 10 10 10 10 10 10 10 10 9.96697235107421875 9.914051055908203125 9.8611307144165039062 9.8082094192504882812 9.7552881240844726562 9.7023668289184570312 9.6494464874267578125 9.5965251922607421875 9.5436038970947265625 9.4906826019287109375 9.4377622604370117188 9.3848409652709960938 9.3319196701049804688 9.2789983749389648438 9.226078033447265625 9.17315673828125 9.120235443115234375 9.06731414794921875 9.0143938064575195312 8.9614725112915039062 8.9085512161254882812 8.8556299209594726562
-9999 -9999 10 -9999 -9999 -9999 -9999 -9999 -9999 -9999 -9999 -9999 -9999 10 10 -9999 -9999 -9999 -9999 10 10 10 10 10 10 10 10 10 10 10 10 10 10 10 10 10 10 10 10 10 10 10 9.9762115478515625 9.923290252685546875 9.87036895751953125 9.817447662353515625 9.7645273208618164062 9.7116060256958007812 9.6586847305297851562 9.6057634353637695312 9.5528430938720703125 9.4999217987060546875 9.4470005035400390625 9.3940792083740234375 9.3411588668823242188 9.2882375717163085938 9.2353162765502929688 9.1823949813842773438 9.129474639892578125 9.0765533447265625 9.023632049560546875 8.97071075439453125 8.9177904129028320312 8.8648691177368164062
-9999 10 -9999 -9999 -9999 -9999 -9999 -9999 -9999 -9999 -9999 -9999 10 10 -9999 -9999 -9999 -9999 -9999 -9999 -9999 10 10 10 10 10 10 10 10 10 10 10 10 10 10 10 10 10 10 10 10 10 9.9854497909545898438 9.9325284957885742188 9.879608154296875 9.826686859130859375 9.77376556396484375 9.720844268798828125 9.6679239273071289062 9.6150026321411132812 9.5620813369750976562 9.5091600418090820312 9.4562397003173828125 9.4033184051513671875 9.3503971099853515625 9.2974767684936523438 9.2445554733276367188 9.1916341781616210938 9.1387128829956054688 9.08579254150390625 9.032871246337890625 8.979949951171875 8.927028656005859375 8.87410736083984375
-9999 10 -9999 -9999 -9999 -9999 -9999 -9999 -9999 -9999 -9999 10 10 -9999 -9999 -9999 -9999 -9999 -9999 -9999 -9999 -9999 10 10 10 10 10 10 10 10 10 10 10 10 10 10 10 10 10 10 10 10 9.9946889877319335938 9.9417676925659179688 9.8888463973999023438 9.835926055908203125 9.7830047607421875 9.730083465576171875 9.67716217041015625 9.6242418289184570312 9.5713205337524414062 9.5183992385864257812 9.4654779434204101562 9.4125576019287109375 9.3596363067626953125 9.3067150115966796875 9.2537937164306640625 9.2008733749389648438 9.1479520797729492188 9.0950307846069335938 9.0421094894409179688 8.98918914794921875 8.936267852783203125 8.8833465576171875
10 -9999 -9999 -9999 -9999 -9999 -9999 -9999 -9999 -9999 10 10 -9999 -9999 -9999 -9999 -9999 -9999 -9999 -9999 -9999 -9999 -9999 10 10 10 10 10 10 10 10 10 10 10 10 10 10 10 10 10 10 10 10 9.9510068893432617188 9.8980855941772460938 9.8451642990112304688 9.7922430038452148438 9.739322662353515625 9.6864013671875 9.633480072021484375 9.58055877685546875 9.5276384353637695312 9.4747171401977539062 9.4217958450317382812 9.3688745498657226562 9.3159542083740234375 9.2630329132080078125 9.2101116180419921875 9.1571903228759765625 9.1042699813842773438 9.0513486862182617188 8.9984273910522460938 8.9455060958862304688 8.89258575439453125
10 10 -9999 -9999 -9999 -9999 -9999 -9999 -9999 10 10 -9999 -9999 -9999 -9999 -9999 -9999 -9999 -9999 -9999 -9999 -9999 -9999 -9999 10 10 10 10 10 10 10 10 10 10 10 10 10 10 10 10 10 10 10 9.9602451324462890625 9.9073238372802734375 9.8544034957885742188 9.8014822006225585938 9.7485609054565429688 9.69564056396484375 9.642719268798828125 9.5897979736328125 9.536876678466796875 9.48395538330078125 9.4310350418090820312 9.3781137466430664062 9.3251924514770507812 9.2722711563110351562 9.2193508148193359375 9.1664295196533203125 9.1135082244873046875 9.0605869293212890625 9.0076665878295898438 8.9547452926635742188 8.9018239974975585938
10 10 10 10 -9999 -9999 -9999 -9999 10 10 -9999 -9999 -9999 -9999 -9999 -9999 -9999 -9999 -9999 -9999 -9999 -9999 -9999 -9999 -9999 10 10 10 10 10 10 10 10 10 10 10 10 10 10 10 10 10 10 9.9694843292236328125 9.9165630340576171875 9.8636417388916015625 9.8107213973999023438 9.7578001022338867188 9.7048788070678710938 9.6519575119018554688 9.59903717041015625 9.546115875244140625 9.493194580078125 9.440273284912109375 9.3873529434204101562 9.3344316482543945312 9.2815103530883789062 9.2285890579223632812 9.1756687164306640625 9.1227474212646484375 9.0698261260986328125 9.0169048309326171875 8.9639844894409179688 8.9110631942749023438
-9999 10 10 10 10 10 -9999 10 10 -9999 -9999 -9999 -9999 -9999 -9999 -9999 -9999 -9999 -9999 -9999 -9999 -9999 -9999 -9999 -9999 10 10 10 10 10 10 10 10 10 10 10 10 10 10 10 10 10 10 9.9787225723266601562 9.9258022308349609375 9.8728809356689453125 9.8199596405029296875 9.7670383453369140625 9.7141180038452148438 9.6611967086791992188 9.6082754135131835938 9.5553541183471679688 9.50243377685546875 9.449512481689453125 9.3965911865234375 9.343669891357421875 9.2907495498657226562 9.2378282546997070312 9.1849069595336914062 9.1319856643676757812 9.0790653228759765625 9.0261440277099609375 8.9732227325439453125 8.9203014373779296875
-9999 -9999 10 10 10 10 10 10 10 -9999 -9999 -9999 -9999 -9999 -9999 -9999 -9999 -9999 -9999 -9999 -9999 -9999 -9999 -9999 -9999 10 10 10 10 10 10 10 10 10 10 10 10 10 10 10 10 10 10 9.9879617691040039062 9.9350404739379882812 9.8821191787719726562 9.8291988372802734375 9.7762775421142578125 9.7233562469482421875 9.6704349517822265625 9.6175146102905273438 9.5645933151245117188 9.5116720199584960938 9.4587507247924804688 9.40583038330078125 9.352909088134765625 9.29998779296875 9.2470674514770507812 9.1941461563110351562 9.1412248611450195312 9.0883035659790039062 9.0353832244873046875 8.9824619293212890625 8.9295406341552734375
-9999 -9999 -9999 10 10 10 10 10 10 -9999 -9999 -9999 -9999 -9999 -9999 -9999 -9999 -9999 -9999 -9999 -9999 -9999 -9999 -9999 -9999 10 10 10 10 10 10 10 10 10 10 10 10 10 10 10 10 10 10 9.9972009658813476562 9.9442796707153320312 9.8913583755493164062 9.8384370803833007812 9.7855167388916015625 9.7325954437255859375 9.6796741485595703125 9.6267528533935546875 9.5738325119018554688 9.5209112167358398438 9.4679899215698242188 9.4150686264038085938 9.362148284912109375 9.30922698974609375 9.256305694580078125 9.2033843994140625 9.1504640579223632812 9.0975427627563476562 9.0446214675903320312 8.9917001724243164062 8.9387798309326171875
-9999 -9999 -9999 -9999 10 10 10 10 10 -9999 -9999 -9999 -9999 -9999 -9999 -9999 -9999 -9999 -9999 -9999 -9999 -9999 -9999 -9999 10 10 10 10 10 10 10 10 10 10 10 10 10 10 10 10 10 10 10 10 9.953517913818359375 9.9005975723266601562 9.8476762771606445312 9.7947549819946289062 9.7418336868286132812 9.6889133453369140625 9.6359920501708984375 9.5830707550048828125 9.5301494598388671875 9.4772291183471679688 9.4243078231811523438 9.3713865280151367188 9.3184652328491210938 9.265544891357421875 9.21262359619140625 9.159702301025390625 9.106781005859375 9.0538606643676757812 9.0009393692016601562 8.9480180740356445312
-9999 -9999 -9999 -9999 -9999 -9999 10 10 10 10 -9999 -9999 -9999 -9999 -9999 -9999 -9999 -9999 -9999 -9999 -9999 -9999 -9999 10 10 10 10 10 10 10 10 10 10 10 10 10 10 10 10 10 10 10 10 10 9.962757110595703125 9.9098358154296875 9.8569154739379882812 9.8039941787719726562 9.7510728836059570312 9.6981515884399414062 9.6452312469482421875 9.5923099517822265625 9.5393886566162109375 9.4864673614501953125 9.4335460662841796875 9.3806257247924804688 9.3277044296264648438 9.2747831344604492188 9.2218618392944335938 9.168941497802734375 9.11602020263671875 9.063098907470703125 9.0101785659790039062 8.9572572708129882812
-9999 -9999 -9999 -9999 -9999 -9999 -9999 -9999 10 10 10 10 -9999 -9999 -9999 -9999 -9999 -9999 -9999 -9999 -9999 -9999 10 10 10 10 10 10 10 10 10 10 10 10 10 10 10 10 10 10 10 10 10 10 9.971996307373046875 9.91907501220703125 9.866153717041015625 9.813232421875 9.7603120803833007812 9.7073907852172851562 9.6544694900512695312 9.6015481948852539062 9.5486278533935546875 9.4957065582275390625 9.4427852630615234375 9.3898639678955078125 9.3369436264038085938 9.2840223312377929688 9.2311010360717773438 9.1781797409057617188 9.1252593994140625 9.072338104248046875 9.01941680908203125 8.966495513916015625
-9999 -9999 -9999 -9999 -9999 -9999 -9999 -9999 -9999 10 10 10 10 -9999 -9999 -9999 -9999 -9999 -9999 -9999 -9999 10 10 10 10 10 10 10 10 10 10 10 10 10 10 10 10 10 10 10 10 10 10 10 9.9812345504760742188 9.9283132553100585938 9.875392913818359375 9.82247161865234375 9.769550323486328125 9.7166290283203125 9.6637086868286132812 9.6107873916625976562 9.5578660964965820312 9.5049448013305664062 9.4520244598388671875 9.3991031646728515625 9.3461818695068359375 9.2932605743408203125 9.2403402328491210938 9.1874189376831054688 9.1344976425170898438 9.0815763473510742188 9.028656005859375 8.975734710693359375
-9999 -9999 -9999 -9999 -9999 -9999 -9999 -9999 -9999 -9999 -9999 10 10 10 -9999 -9999 -9999 -9999 -9999 -9999 10 10 -9999 -9999 -9999 10 10 10 10 10 10 10 10 10 10 10 10 10 10 10 10 10 10 10 9.9904737472534179688 9.9375524520874023438 9.8846311569213867188 9.8317098617553710938 9.778789520263671875 9.72586822509765625 9.672946929931640625 9.620025634765625 9.5671052932739257812 9.5141839981079101562 9.4612627029418945312 9.4083423614501953125 9.3554210662841796875 9.3024997711181640625 9.2495784759521484375 9.1966581344604492188 9.1437368392944335938 9.0908155441284179688 9.0378942489624023438 8.984973907470703125
-9999 -9999 -9999 -9999 -9999 -9999 -9999 -9999 -9999 -9999 -9999 -9999 10 10 10 -9999 -9999 -9999 -9999 10 10 -9999 -9999 -9999 -9999 -9999 10 10 10 10 10 10 10 10 10 10 10 10 10 10 10 10 10 10 9.9997119903564453125 9.9467916488647460938 9.8938703536987304688 9.8409490585327148438 9.7880277633666992188 9.735107421875 9.682186126708984375 9.62926483154296875 9.576343536376953125 9.5234231948852539062 9.4705018997192382812 9.4175806045532226562 9.3646593093872070312 9.3117389678955078125 9.2588176727294921875 9.2058963775634765625 9.1529750823974609375 9.1000547409057617188 9.0471334457397460938 8.9942121505737304688
-9999 -9999 -9999 -9999 -9999 -9999 -9999 -9999 -9999 -9999 -9999 -9999 -9999 10 10 10 10 -9999 -9999 10 -9999 -9999 -9999 -9999 -9999 -9999 -9999 10 10 10 10 10 10 10 10 10 10 10 10 10 10 10 10 10 10 9.9560298919677734375 9.9031085968017578125 9.8501882553100585938 9.7972669601440429688 9.7443456649780273438 9.6914243698120117188 9.6385040283203125 9.585582733154296875 9.53266143798828125 9.479740142822265625 9.4268198013305664062 9.3738985061645507812 9.3209772109985351562 9.2680559158325195312 9.2151355743408203125 9.1622142791748046875 9.1092929840087890625 9.0563716888427734375 9.0034513473510742188
-9999 -9999 -9999 -9999 -9999 -9999 -9999 -9999 -9999 -9999 -9999 -9999 -9999 -9999 10 10 10 10 10 -9999 -9999 -9999 -9999 -9999 -9999 -9999 10 10 10 10 10 10 10 10 10 10 10 10 10 10 10 10 10 10 10 9.9652690887451171875 9.9123477935791015625 9.8594264984130859375 9.8065061569213867188 9.7535848617553710938 9.7006635665893554688 9.6477422714233398438 9.594821929931640625 9.541900634765625 9.488979339599609375 9.43605804443359375 9.383136749267578125 9.3302164077758789062 9.2772951126098632812 9.2243738174438476562 9.1714534759521484375 9.1185321807861328125 9.0656108856201171875 9.0126895904541015625
-9999 -9999 -9999 -9999 -9999 -9999 -9999 -9999 -9999 -9999 -9999 -9999 -9999 -9999 -9999 -9999 10 10 -9999 -9999 -9999 -9999 -9999 -9999 -9999 -9999 10 10 10 10 10 10 10 10 10 10 10 10 10 10 10 10 10 10 10 9.9745073318481445312 9.9215869903564453125 9.8686656951904296875 9.8157444000244140625 9.7628231048583984375 9.7099027633666992188 9.6569814682006835938 9.6040601730346679688 9.5511388778686523438 9.498218536376953125 9.4452972412109375 9.392375946044921875 9.33945465087890625 9.2865343093872070312 9.2336130142211914062 9.1806917190551757812 9.1277704238891601562 9.0748500823974609375 9.0219287872314453125
-9999 -9999 -9999 -9999 -9999 -9999 -9999 -9999 -9999 -9999 -9999 -9999 -9999 -9999 -9999 -9999 10 10 -9999 -9999 -9999 -9999 -9999 -9999 -9999 -9999 10 10 10 10 10 10 10 10 10 10 10 10 10 10 10 10 10 10 10 9.9837465286254882812 9.9308252334594726562 9.8779039382934570312 9.8249835968017578125 9.7720623016357421875 9.7191410064697265625 9.6662197113037109375 9.6132993698120117188 9.5603780746459960938 9.5074567794799804688 9.4545354843139648438 9.401615142822265625 9.34869384765625 9.295772552490234375 9.24285125732421875 9.1899309158325195312 9.1370096206665039062 9.0840883255004882812 9.0311670303344726562
-9999 -9999 -9999 -9999 -9999 -9999 -9999 -9999 -9999 -9999 -9999 -9999 -9999 -9999 -9999 -9999 10 10 -9999 -9999 -9999 -9999 -9999 -9999 -9999 10 10 10 10 10 10 10 10 10 10 10 10 10 10 10 10 10 10 10 10 9.9929857254028320312 9.9400644302368164062 9.8871431350708007812 9.8342218399047851562 9.7813005447387695312 9.7283802032470703125 9.6754589080810546875 9.6225376129150390625 9.5696172714233398438 9.5166959762573242188 9.4637746810913085938 9.4108533859252929688 9.35793304443359375 9.305011749267578125 9.2520904541015625 9.199169158935546875 9.1462488174438476562 9.0933275222778320312 9.0404062271118164062
-9999 -9999 -9999 -9999 -9999 -9999 -9999 -9999 -9999 -9999 -9999 -9999 -9999 -9999 -9999 10 10 -9999 -9999 -9999 -9999 -9999 -9999 -9999 10 10 10 10 10 10 10 10 10 10 10 10 10 10 10 10 10 10 10 10 10 10 9.94930267333984375 9.8963823318481445312 9.8434610366821289062 9.7905397415161132812 9.7376184463500976562 9.6846981048583984375 9.6317768096923828125 9.5788555145263671875 9.5259342193603515625 9.4730138778686523438 9.4200925827026367188 9.3671712875366210938 9.3142499923706054688 9.26132965087890625 9.208408355712890625 9.155487060546875 9.102565765380859375 9.0496454238891601562
-9999 -9999 -9999 -9999 -9999 -9999 -9999 -9999 -9999 -9999 -9999 -9999 -9999 -9999 10 10 -9999 -9999 -9999 -9999 -9999 -9999 -9999 -9999 10 10 10 10 10 10 10 10 10 10 10 10 10 10 10 10 10 10 10 10 10 10 9.9585418701171875 9.905620574951171875 9.85269927978515625 9.7997789382934570312 9.7468576431274414062 9.6939363479614257812 9.6410150527954101562 9.5880947113037109375 9.5351734161376953125 9.4822521209716796875 9.4293308258056640625 9.3764104843139648438 9.3234891891479492188 9.2705678939819335938 9.2176465988159179688 9.16472625732421875 9.111804962158203125 9.0588836669921875
-9999 -9999 -9999 -9999 -9999 -9999 -9999 -9999 -9999 -9999 -9999 -9999 -9999 10 10 -9999 -9999 -9999 -9999 -9999 -9999 -9999 -9999 10 10 10 10 10 10 10 10 10 10 10 10 10 10 10 10 10 10 10 10 10 10 10 9.96778106689453125 9.914859771728515625 9.8619384765625 9.809017181396484375 9.7560968399047851562 -9999 -9999 -9999 -9999 -9999 -9999 -9999 -9999 -9999 -9999 9.1739645004272460938 9.121044158935546875 9.06812286376953125
